1739942430205 0.008686210640608035 10
1739942464045 0.01737242128121607 20
1739942497347 0.026058631921824105 30
1739942529339 0.03474484256243214 40
1739942561559 0.04343105320304017 50
1739942594143 0.05211726384364821 60
1739942627236 0.06080347448425624 70
1739942660237 0.06948968512486428 80
1739942693820 0.0781758957654723 90
1739942727645 0.08686210640608034 100
1739942763467 0.09554831704668838 110
1739942799480 0.10423452768729642 120
1739942839994 0.11292073832790445 130
1739942880395 0.12160694896851248 140
1739942921815 0.13029315960912052 150
1739942956759 0.13897937024972856 160
1739942991247 0.1476655808903366 170
1739943025736 0.1563517915309446 180
1739943060513 0.16503800217155265 190
1739943095635 0.1737242128121607 200
1739943131063 0.18241042345276873 210
1739943170978 0.19109663409337677 220
1739943206509 0.1997828447339848 230
1739943242272 0.20846905537459284 240
1739943278525 0.21715526601520088 250
1739943314869 0.2258414766558089 260
1739943353486 0.23452768729641693 270
1739943391703 0.24321389793702497 280
1739943428685 0.251900108577633 290
1739943463623 0.26058631921824105 300
1739943498816 0.2692725298588491 310
1739943533928 0.2779587404994571 320
1739943571433 0.28664495114006516 330
1739943606859 0.2953311617806732 340
1739943643020 0.30401737242128124 350
1739943679024 0.3127035830618892 360
1739943716378 0.32138979370249726 370
1739943753353 0.3300760043431053 380
1739943789967 0.33876221498371334 390
1739943827233 0.3474484256243214 400
1739943864279 0.3561346362649294 410
1739943903205 0.36482084690553745 420
1739943940734 0.3735070575461455 430
1739943980056 0.38219326818675353 440
1739944017759 0.39087947882736157 450
1739944055595 0.3995656894679696 460
1739944093582 0.40825190010857765 470
1739944131933 0.4169381107491857 480
1739944170541 0.4256243213897937 490
1739944208994 0.43431053203040176 500
1739944247663 0.44299674267100975 510
1739944292840 0.4516829533116178 520
1739944327482 0.4603691639522258 530
1739944349254 0.46905537459283386 540
1739944374775 0.4777415852334419 550
1739944402634 0.48642779587404994 560
1739944430656 0.495114006514658 570
1739944458838 0.503800217155266 580
1739944487633 0.512486427795874 590
1739944515607 0.5211726384364821 600
1739944543398 0.5298588490770901 610
1739944571415 0.5385450597176982 620
1739944598441 0.5472312703583062 630
1739944623005 0.5559174809989142 640
1739944646594 0.5646036916395223 650
1739944670418 0.5732899022801303 660
1739944694360 0.5819761129207384 670
1739944718675 0.5906623235613464 680
1739944742735 0.5993485342019544 690
1739944766578 0.6080347448425625 700
1739944790527 0.6167209554831705 710
1739944814193 0.6254071661237784 720
1739944838076 0.6340933767643865 730
1739944861870 0.6427795874049945 740
1739944885531 0.6514657980456026 750
1739944909153 0.6601520086862106 760
1739944932419 0.6688382193268186 770
1739944956033 0.6775244299674267 780
1739944979550 0.6862106406080347 790
1739945002586 0.6948968512486428 800
1739945025617 0.7035830618892508 810
1739945048604 0.7122692725298588 820
1739945071567 0.7209554831704669 830
1739945094589 0.7296416938110749 840
1739945117525 0.738327904451683 850
1739945140530 0.747014115092291 860
1739945163378 0.755700325732899 870
1739945186465 0.7643865363735071 880
1739945209933 0.7730727470141151 890
1739945232723 0.7817589576547231 900
1739945255349 0.7904451682953312 910
1739945278166 0.7991313789359392 920
1739945300635 0.8078175895765473 930
1739945323522 0.8165038002171553 940
1739945346130 0.8251900108577633 950
1739945368981 0.8338762214983714 960
1739945391631 0.8425624321389794 970
1739945414245 0.8512486427795874 980
1739945437266 0.8599348534201955 990
1739945460101 0.8686210640608035 1000
1739945482683 0.8773072747014115 1010
1739945505245 0.8859934853420195 1020
1739945527709 0.8946796959826275 1030
1739945550350 0.9033659066232356 1040
1739945573011 0.9120521172638436 1050
1739945595453 0.9207383279044516 1060
1739945618302 0.9294245385450597 1070
1739945640961 0.9381107491856677 1080
1739945663486 0.9467969598262758 1090
1739945686564 0.9554831704668838 1100
1739945709101 0.9641693811074918 1110
1739945731679 0.9728555917480999 1120
1739945754209 0.9815418023887079 1130
1739945776777 0.990228013029316 1140
1739945799219 0.998914223669924 1150
1739945820732 1.0069489685124864 1160
1739945845447 1.0156351791530944 1170
1739945872712 1.0243213897937025 1180
1739945900501 1.0330076004343105 1190
1739945928476 1.0416938110749185 1200
1739945954959 1.0503800217155266 1210
1739945982232 1.0590662323561346 1220
1739946010023 1.0677524429967427 1230
1739946037632 1.0764386536373507 1240
1739946064406 1.0851248642779587 1250
1739946091473 1.0938110749185668 1260
1739946118879 1.1024972855591748 1270
1739946146109 1.1111834961997828 1280
1739946173875 1.1198697068403909 1290
1739946200197 1.128555917480999 1300
1739946227156 1.137242128121607 1310
1739946254591 1.145928338762215 1320
1739946281968 1.154614549402823 1330
1739946308894 1.163300760043431 1340
1739946336026 1.1719869706840391 1350
1739946363142 1.1806731813246472 1360
1739946390342 1.1893593919652552 1370
1739946417243 1.1980456026058632 1380
1739946443794 1.2067318132464713 1390
1739946470954 1.2154180238870793 1400
1739946497843 1.2241042345276874 1410
1739946525173 1.2327904451682954 1420
1739946552027 1.2414766558089034 1430
1739946579105 1.2501628664495115 1440
1739946606005 1.2588490770901195 1450
1739946633283 1.2675352877307275 1460
1739946660224 1.2762214983713356 1470
1739946686885 1.2849077090119436 1480
1739946713982 1.2935939196525514 1490
1739946741108 1.3022801302931595 1500
1739946767952 1.3109663409337675 1510
1739946794599 1.3196525515743756 1520
1739946821595 1.3283387622149836 1530
1739946848193 1.3370249728555916 1540
1739946875549 1.3457111834961997 1550
1739946901945 1.3543973941368077 1560
1739946928412 1.3630836047774157 1570
1739946955370 1.3717698154180238 1580
1739946982384 1.3804560260586318 1590
1739947009512 1.3891422366992399 1600
1739947036060 1.397828447339848 1610
1739947063052 1.406514657980456 1620
1739947089809 1.415200868621064 1630
1739947117461 1.423887079261672 1640
1739947144238 1.43257328990228 1650
1739947170896 1.441259500542888 1660
1739947197684 1.4499457111834961 1670
1739947224534 1.4586319218241042 1680
1739947251800 1.4673181324647122 1690
1739947278445 1.4760043431053202 1700
1739947305172 1.4846905537459283 1710
1739947331634 1.4933767643865363 1720
1739947358396 1.5020629750271444 1730
1739947384984 1.5107491856677524 1740
1739947411435 1.5194353963083604 1750
1739947438133 1.5281216069489685 1760
1739947464481 1.5368078175895765 1770
1739947491265 1.5454940282301846 1780
1739947517661 1.5541802388707926 1790
1739947544199 1.5628664495114006 1800
1739947570829 1.5715526601520087 1810
1739947597855 1.5802388707926167 1820
1739947624292 1.5889250814332248 1830
1739947650302 1.5976112920738328 1840
1739947676941 1.6062975027144408 1850
1739947703976 1.6149837133550489 1860
1739947730654 1.623669923995657 1870
1739947756787 1.632356134636265 1880
1739947783591 1.641042345276873 1890
1739947810208 1.649728555917481 1900
1739947836930 1.658414766558089 1910
1739947863039 1.667100977198697 1920
1739947889114 1.6757871878393051 1930
1739947915474 1.6844733984799132 1940
1739947942109 1.6931596091205212 1950
1739947969027 1.7018458197611293 1960
1739947994891 1.7105320304017373 1970
1739948020990 1.7192182410423453 1980
1739948047273 1.7279044516829534 1990
1739948073683 1.7365906623235614 2000
1739948099942 1.7452768729641694 2010
1739948125583 1.7539630836047775 2020
1739948151957 1.7626492942453855 2030
1739948178576 1.7713355048859936 2040
1739948205592 1.7800217155266016 2050
1739948232574 1.7887079261672096 2060
1739948259863 1.7973941368078177 2070
1739948287498 1.8060803474484257 2080
1739948315796 1.8147665580890338 2090
1739948343506 1.8234527687296418 2100
1739948371049 1.8321389793702498 2110
1739948399313 1.8408251900108579 2120
1739948427191 1.849511400651466 2130
1739948455270 1.858197611292074 2140
1739948483217 1.866883821932682 2150
1739948511413 1.87557003257329 2160
1739948539509 1.884256243213898 2170
1739948568330 1.892942453854506 2180
1739948596429 1.9016286644951141 2190
1739948624397 1.9103148751357222 2200
1739948652154 1.9190010857763302 2210
1739948680411 1.9276872964169383 2220
1739948708390 1.9363735070575463 2230
1739948736541 1.9450597176981543 2240
1739948764638 1.9537459283387624 2250
1739948792943 1.9624321389793704 2260
1739948821841 1.9711183496199784 2270
1739948851889 1.9798045602605863 2280
1739948889149 1.9884907709011943 2290
1739948916285 1.9971769815418023 2300
1739948941956 2.0052117263843647 2310
1739948969377 2.0138979370249728 2320
1739948996998 2.022584147665581 2330
1739949030851 2.031270358306189 2340
1739949065230 2.039956568946797 2350
1739949096943 2.048642779587405 2360
1739949128759 2.057328990228013 2370
1739949161579 2.066015200868621 2380
1739949194128 2.074701411509229 2390
1739949227480 2.083387622149837 2400
1739949261039 2.092073832790445 2410
1739949295173 2.100760043431053 2420
1739949328573 2.109446254071661 2430
1739949362007 2.1181324647122692 2440
1739949395952 2.1268186753528773 2450
1739949429737 2.1355048859934853 2460
1739949463721 2.1441910966340934 2470
1739949494695 2.1528773072747014 2480
1739949529564 2.1615635179153094 2490
1739949563162 2.1702497285559175 2500
1739949596774 2.1789359391965255 2510
1739949630331 2.1876221498371335 2520
1739949664527 2.1963083604777416 2530
1739949698508 2.2049945711183496 2540
1739949732142 2.2136807817589577 2550
1739949766298 2.2223669923995657 2560
1739949798593 2.2310532030401737 2570
1739949832215 2.2397394136807818 2580
1739949865704 2.24842562432139 2590
1739949899706 2.257111834961998 2600
1739949933636 2.265798045602606 2610
1739949967535 2.274484256243214 2620
1739950001773 2.283170466883822 2630
1739950036063 2.29185667752443 2640
1739950069837 2.300542888165038 2650
1739950103474 2.309229098805646 2660
1739950137661 2.317915309446254 2670
1739950171617 2.326601520086862 2680
1739950205295 2.33528773072747 2690
1739950239272 2.3439739413680782 2700
1739950273103 2.3526601520086863 2710
1739950306594 2.3613463626492943 2720
1739950340341 2.3700325732899024 2730
1739950374936 2.3787187839305104 2740
1739950408803 2.3874049945711184 2750
1739950442835 2.3960912052117265 2760
1739950478422 2.4047774158523345 2770
1739950504740 2.4134636264929425 2780
1739950532790 2.4221498371335506 2790
1739950560854 2.4308360477741586 2800
1739950588713 2.4395222584147667 2810
1739950616902 2.4482084690553747 2820
1739950645192 2.4568946796959827 2830
1739950673552 2.465580890336591 2840
1739950701582 2.474267100977199 2850
1739950730563 2.482953311617807 2860
1739950760200 2.491639522258415 2870
1739950788307 2.500325732899023 2880
1739950816097 2.509011943539631 2890
1739950844452 2.517698154180239 2900
1739950872547 2.526384364820847 2910
1739950900665 2.535070575461455 2920
1739950928898 2.543756786102063 2930
1739950957407 2.552442996742671 2940
1739950986220 2.561129207383279 2950
1739951014459 2.5698154180238872 2960
1739951042603 2.578501628664495 2970
1739951071115 2.587187839305103 2980
1739951099530 2.595874049945711 2990
1739951127809 2.604560260586319 3000
1739951156049 2.613246471226927 3010
1739951184346 2.621932681867535 3020
1739951213237 2.630618892508143 3030
1739951240887 2.639305103148751 3040
1739951268099 2.647991313789359 3050
1739951295512 2.656677524429967 3060
1739951323088 2.6653637350705752 3070
1739951349877 2.6740499457111833 3080
1739951376870 2.6827361563517913 3090
1739951403757 2.6914223669923993 3100
1739951430550 2.7001085776330074 3110
1739951457110 2.7087947882736154 3120
1739951482811 2.7174809989142235 3130
1739951509125 2.7261672095548315 3140
1739951535700 2.7348534201954395 3150
1739951562181 2.7435396308360476 3160
1739951587776 2.7522258414766556 3170
1739951613665 2.7609120521172636 3180
1739951639847 2.7695982627578717 3190
1739951665830 2.7782844733984797 3200
1739951692337 2.7869706840390878 3210
1739951717369 2.795656894679696 3220
1739951743360 2.804343105320304 3230
1739951769101 2.813029315960912 3240
1739951795265 2.82171552660152 3250
1739951821234 2.830401737242128 3260
1739951851223 2.839087947882736 3270
1739951884009 2.847774158523344 3280
1739951917024 2.856460369163952 3290
1739951950230 2.86514657980456 3300
1739951982901 2.873832790445168 3310
1739952015662 2.882519001085776 3320
1739952049132 2.8912052117263842 3330
1739952081834 2.8998914223669923 3340
1739952114981 2.9085776330076003 3350
1739952147663 2.9172638436482083 3360
1739952177310 2.9259500542888164 3370
1739952202583 2.9346362649294244 3380
1739952229373 2.9433224755700325 3390
1739952255905 2.9520086862106405 3400
1739952282576 2.9606948968512485 3410
1739952308152 2.9693811074918566 3420
1739952333754 2.9780673181324646 3430
1739952359984 2.9867535287730727 3440
1739952385970 2.9954397394136807 3450
1739952395166 2.9980456026058633 3453
