1739942430205 2.252767324447632 10
1739942464045 0.7532062530517578 20
1739942497347 0.8453428745269775 30
1739942529339 0.5968215465545654 40
1739942561559 0.5444405674934387 50
1739942594143 0.5539577603340149 60
1739942627236 0.5464698076248169 70
1739942660237 0.5982872843742371 80
1739942693820 0.5300800204277039 90
1739942727645 0.5776545405387878 100
1739942763467 0.5222434997558594 110
1739942799480 0.5265493392944336 120
1739942839994 0.6153057813644409 130
1739942880395 0.5720071792602539 140
1739942921815 0.5629275441169739 150
1739942956759 0.5134705901145935 160
1739942991247 0.5450965166091919 170
1739943025736 0.6044944524765015 180
1739943060513 0.6109524369239807 190
1739943095635 0.6008688807487488 200
1739943131063 0.5663663744926453 210
1739943170978 0.5843874216079712 220
1739943206509 0.6236376762390137 230
1739943242272 0.5626782774925232 240
1739943278525 0.5687559247016907 250
1739943314869 0.529670238494873 260
1739943353486 0.5763128995895386 270
1739943391703 0.6239876747131348 280
1739943428685 0.5860149264335632 290
1739943463623 0.6424105167388916 300
1739943498816 0.4956233501434326 310
1739943533928 0.5874337553977966 320
1739943571433 0.5654478073120117 330
1739943606859 0.6268590092658997 340
1739943643020 0.6192561388015747 350
1739943679024 0.6451908349990845 360
1739943716378 0.6794300675392151 370
1739943753353 0.6424065828323364 380
1739943789967 0.7275872230529785 390
1739943827233 0.6831300854682922 400
1739943864279 0.6041809916496277 410
1739943903205 0.7230230569839478 420
1739943940734 0.6571289896965027 430
1739943980056 0.5737482905387878 440
1739944017759 0.5761979222297668 450
1739944055595 0.7090573310852051 460
1739944093582 0.6309415102005005 470
1739944131933 0.6532086133956909 480
1739944170541 0.606846272945404 490
1739944208994 0.6412737965583801 500
1739944247663 0.6729230284690857 510
1739944292840 0.6261294484138489 520
1739944327482 0.6468899250030518 530
1739944349254 0.7344672679901123 540
1739944374775 0.6477642059326172 550
1739944402634 0.6252474784851074 560
1739944430656 0.6271606087684631 570
1739944458838 0.6071173548698425 580
1739944487633 0.6144079566001892 590
1739944515607 0.6635189652442932 600
1739944543398 0.6185492277145386 610
1739944571415 0.6580392122268677 620
1739944598441 0.6607398390769958 630
1739944623005 0.626521646976471 640
1739944646594 0.6074249148368835 650
1739944670418 0.624252200126648 660
1739944694360 0.6055660247802734 670
1739944718675 0.6031458973884583 680
1739944742735 0.6895897388458252 690
1739944766578 0.6175544857978821 700
1739944790527 0.7025566697120667 710
1739944814193 0.5155852437019348 720
1739944838076 0.7417052388191223 730
1739944861870 0.6346461772918701 740
1739944885531 0.6427062749862671 750
1739944909153 0.6112411022186279 760
1739944932419 0.6607750654220581 770
1739944956033 0.7509415149688721 780
1739944979550 0.6587386131286621 790
1739945002586 0.7395431995391846 800
1739945025617 0.6135061383247375 810
1739945048604 0.6497920751571655 820
1739945071567 0.5892778635025024 830
1739945094589 0.6685577630996704 840
1739945117525 0.574806809425354 850
1739945140530 0.6015061736106873 860
1739945163378 0.6928815245628357 870
1739945186465 0.6695491671562195 880
1739945209933 0.6321315765380859 890
1739945232723 0.6408069133758545 900
1739945255349 0.662760317325592 910
1739945278166 0.7039167881011963 920
1739945300635 0.5594661831855774 930
1739945323522 0.6455232501029968 940
1739945346130 0.7251490950584412 950
1739945368981 0.6353362202644348 960
1739945391631 0.670745313167572 970
1739945414245 0.7118648886680603 980
1739945437266 0.7401873469352722 990
1739945460101 0.6406461000442505 1000
1739945482683 0.6984277367591858 1010
1739945505245 0.7083075642585754 1020
1739945527709 0.6520138382911682 1030
1739945550350 0.6258789300918579 1040
1739945573011 0.6523424983024597 1050
1739945595453 0.78565514087677 1060
1739945618302 0.6521680951118469 1070
1739945640961 0.6225749850273132 1080
1739945663486 0.6874808073043823 1090
1739945686564 0.7020734548568726 1100
1739945709101 0.665492594242096 1110
1739945731679 0.7343786954879761 1120
1739945754209 0.7500696778297424 1130
1739945776777 0.6519566178321838 1140
1739945799219 0.7488727569580078 1150
1739945820732 0.6896264553070068 1160
1739945845447 0.6509284973144531 1170
1739945872712 0.7075619697570801 1180
1739945900501 0.6897162199020386 1190
1739945928476 0.6990061402320862 1200
1739945954959 0.7466970682144165 1210
1739945982232 0.7055335640907288 1220
1739946010023 0.729378342628479 1230
1739946037632 0.6605271697044373 1240
1739946064406 0.6143807172775269 1250
1739946091473 0.7372416257858276 1260
1739946118879 0.6156851649284363 1270
1739946146109 0.7793753743171692 1280
1739946173875 0.7296708822250366 1290
1739946200197 0.7701203227043152 1300
1739946227156 0.7277111411094666 1310
1739946254591 0.6785598993301392 1320
1739946281968 0.7877194881439209 1330
1739946308894 0.7001374363899231 1340
1739946336026 0.6583723425865173 1350
1739946363142 0.7459580302238464 1360
1739946390342 0.7962517738342285 1370
1739946417243 0.6675366759300232 1380
1739946443794 0.6848135590553284 1390
1739946470954 0.798667311668396 1400
1739946497843 0.73942631483078 1410
1739946525173 0.7937437891960144 1420
1739946552027 0.5911722183227539 1430
1739946579105 0.681381106376648 1440
1739946606005 0.7808102369308472 1450
1739946633283 0.7417561411857605 1460
1739946660224 0.7626131176948547 1470
1739946686885 0.9599741697311401 1480
1739946713982 0.7546910047531128 1490
1739946741108 0.8609228134155273 1500
1739946767952 0.8367499709129333 1510
1739946794599 0.6653997898101807 1520
1739946821595 0.6436945796012878 1530
1739946848193 0.7276006937026978 1540
1739946875549 0.7701629400253296 1550
1739946901945 0.7403039932250977 1560
1739946928412 0.6981145143508911 1570
1739946955370 0.7953008413314819 1580
1739946982384 0.7792731523513794 1590
1739947009512 0.8054320812225342 1600
1739947036060 0.6652455925941467 1610
1739947063052 0.7639827132225037 1620
1739947089809 0.8533526062965393 1630
1739947117461 0.6441474556922913 1640
1739947144238 0.7153370380401611 1650
1739947170896 0.7181918621063232 1660
1739947197684 0.6399004459381104 1670
1739947224534 0.7428948283195496 1680
1739947251800 0.7460964918136597 1690
1739947278445 0.7023214101791382 1700
1739947305172 0.6712564826011658 1710
1739947331634 0.7385772466659546 1720
1739947358396 0.7443400025367737 1730
1739947384984 0.6985631585121155 1740
1739947411435 0.6827006936073303 1750
1739947438133 0.8269932866096497 1760
1739947464481 0.6536117792129517 1770
1739947491265 0.7298042178153992 1780
1739947517661 0.6952525973320007 1790
1739947544199 0.850650429725647 1800
1739947570829 0.7895544171333313 1810
1739947597855 0.5999700427055359 1820
1739947624292 0.6930516958236694 1830
1739947650302 0.7076261639595032 1840
1739947676941 0.6572756171226501 1850
1739947703976 0.7437863349914551 1860
1739947730654 0.65384840965271 1870
1739947756787 0.7363166213035583 1880
1739947783591 0.6890403032302856 1890
1739947810208 0.8035255670547485 1900
1739947836930 0.8748837113380432 1910
1739947863039 0.7095241546630859 1920
1739947889114 0.7621976733207703 1930
1739947915474 0.7976517081260681 1940
1739947942109 0.7132733464241028 1950
1739947969027 0.7821387052536011 1960
1739947994891 0.8658461570739746 1970
1739948020990 0.7484133839607239 1980
1739948047273 0.7614012360572815 1990
1739948073683 0.6812424063682556 2000
1739948099942 0.7625566124916077 2010
1739948125583 0.7230382561683655 2020
1739948151957 0.9808824062347412 2030
1739948178576 0.7770943641662598 2040
1739948205592 0.7588022351264954 2050
1739948232574 0.6928250193595886 2060
1739948259863 0.7934804558753967 2070
1739948287498 0.7947097420692444 2080
1739948315796 0.5841851234436035 2090
1739948343506 0.70918869972229 2100
1739948371049 0.6648011803627014 2110
1739948399313 0.8652480244636536 2120
1739948427191 0.8284572958946228 2130
1739948455270 0.7364704012870789 2140
1739948483217 0.8556076884269714 2150
1739948511413 0.8094032406806946 2160
1739948539509 0.7645028233528137 2170
1739948568330 0.847720742225647 2180
1739948596429 0.6653320789337158 2190
1739948624397 0.7754517793655396 2200
1739948652154 0.878453254699707 2210
1739948680411 0.6637123823165894 2220
1739948708390 0.8883419632911682 2230
1739948736541 0.821955144405365 2240
1739948764638 0.9024852514266968 2250
1739948792943 0.8331766128540039 2260
1739948821841 0.83034747838974 2270
1739948851889 0.8353051543235779 2280
1739948889149 0.7337847948074341 2290
1739948916285 0.6654977202415466 2300
1739948941956 0.7824599146842957 2310
1739948969377 0.7376276850700378 2320
1739948996998 0.7800752520561218 2330
1739949030851 0.686714768409729 2340
1739949065230 0.8065666556358337 2350
1739949096943 0.8602258563041687 2360
1739949128759 0.7616613507270813 2370
1739949161579 0.703214168548584 2380
1739949194128 0.7419686913490295 2390
1739949227480 0.8020367622375488 2400
1739949261039 0.6944743990898132 2410
1739949295173 0.7775956988334656 2420
1739949328573 0.7349202036857605 2430
1739949362007 0.8197871446609497 2440
1739949395952 0.6376294493675232 2450
1739949429737 0.7715920805931091 2460
1739949463721 0.7824292182922363 2470
1739949494695 0.8189849257469177 2480
1739949529564 0.847163200378418 2490
1739949563162 0.7035702466964722 2500
1739949596774 0.7805933356285095 2510
1739949630331 0.8373888731002808 2520
1739949664527 0.7047107815742493 2530
1739949698508 0.6897385716438293 2540
1739949732142 0.8912898302078247 2550
1739949766298 0.9327059388160706 2560
1739949798593 0.8723196387290955 2570
1739949832215 0.8118335604667664 2580
1739949865704 0.840907871723175 2590
1739949899706 0.822287380695343 2600
1739949933636 0.7525590658187866 2610
1739949967535 0.7512466311454773 2620
1739950001773 0.8914580941200256 2630
1739950036063 0.8556057214736938 2640
1739950069837 0.7657886743545532 2650
1739950103474 0.762485682964325 2660
1739950137661 0.7998394966125488 2670
1739950171617 0.7590309381484985 2680
1739950205295 0.8486040234565735 2690
1739950239272 0.8853086233139038 2700
1739950273103 0.791175365447998 2710
1739950306594 0.8111125230789185 2720
1739950340341 0.9185274839401245 2730
1739950374936 0.7767572402954102 2740
1739950408803 0.816189706325531 2750
1739950442835 0.7082754969596863 2760
1739950478422 0.8535863757133484 2770
1739950504740 0.8117523193359375 2780
1739950532790 0.7970088124275208 2790
1739950560854 0.6855672597885132 2800
1739950588713 0.8067681789398193 2810
1739950616902 0.8582985401153564 2820
1739950645192 0.7925664186477661 2830
1739950673552 0.7900503277778625 2840
1739950701582 0.7910239100456238 2850
1739950730563 0.9928953647613525 2860
1739950760200 0.8270326256752014 2870
1739950788307 0.7553434371948242 2880
1739950816097 0.7878322005271912 2890
1739950844452 0.8841737508773804 2900
1739950872547 0.8452873229980469 2910
1739950900665 0.8040407299995422 2920
1739950928898 0.7722450494766235 2930
1739950957407 0.8225079774856567 2940
1739950986220 0.7844362258911133 2950
1739951014459 0.8174001574516296 2960
1739951042603 0.7258796095848083 2970
1739951071115 0.8114414811134338 2980
1739951099530 0.8746247291564941 2990
1739951127809 0.8227299451828003 3000
1739951156049 0.8345216512680054 3010
1739951184346 0.8358820676803589 3020
1739951213237 0.6532539129257202 3030
1739951240887 0.8138338923454285 3040
1739951268099 0.7242275476455688 3050
1739951295512 0.9312955737113953 3060
1739951323088 0.7773568630218506 3070
1739951349877 0.8028320074081421 3080
1739951376870 0.8048245906829834 3090
1739951403757 0.7878498435020447 3100
1739951430550 0.851180374622345 3110
1739951457110 0.8637585043907166 3120
1739951482811 0.6592851281166077 3130
1739951509125 0.8116182088851929 3140
1739951535700 0.788811981678009 3150
1739951562181 0.9034114480018616 3160
1739951587776 0.8128384351730347 3170
1739951613665 0.8552829623222351 3180
1739951639847 0.8331835865974426 3190
1739951665830 0.765789806842804 3200
1739951692337 0.7727047204971313 3210
1739951717369 0.9918155074119568 3220
1739951743360 0.6599125862121582 3230
1739951769101 0.8117889761924744 3240
1739951795265 0.8326523900032043 3250
1739951821234 0.6814950704574585 3260
1739951851223 0.9782628417015076 3270
1739951884009 0.809867799282074 3280
1739951917024 0.849236011505127 3290
1739951950230 0.9314777851104736 3300
1739951982901 0.7437795400619507 3310
1739952015662 0.7273487448692322 3320
1739952049132 0.8205683827400208 3330
1739952081834 0.8596486449241638 3340
1739952114981 0.8106111288070679 3350
1739952147663 0.917987048625946 3360
1739952177310 0.8250262141227722 3370
1739952202583 0.8760525584220886 3380
1739952229373 0.7830981612205505 3390
1739952255905 0.8194732069969177 3400
1739952282576 0.8621783256530762 3410
1739952308152 0.9046648740768433 3420
1739952333754 0.8671212196350098 3430
1739952359984 0.7985207438468933 3440
1739952385970 0.8112459182739258 3450
