1739942430205 0.0001995366348103099 10
1739942464045 0.0001990153489719085 20
1739942497347 0.00019843614248479582 30
1739942529339 0.00019785693599768317 40
1739942561559 0.00019727772951057054 50
1739942594143 0.00019669852302345788 60
1739942627236 0.0001961193165363452 70
1739942660237 0.00019554011004923257 80
1739942693820 0.00019496090356211992 90
1739942727645 0.00019438169707500724 100
1739942763467 0.00019380249058789458 110
1739942799480 0.00019322328410078195 120
1739942839994 0.00019264407761366927 130
1739942880395 0.00019206487112655661 140
1739942921815 0.00019148566463944399 150
1739942956759 0.00019090645815233133 160
1739942991247 0.00019032725166521865 170
1739943025736 0.000189748045178106 180
1739943060513 0.00018916883869099337 190
1739943095635 0.00018858963220388068 200
1739943131063 0.00018801042571676803 210
1739943170978 0.00018743121922965537 220
1739943206509 0.00018685201274254272 230
1739943242272 0.00018627280625543006 240
1739943278525 0.0001856935997683174 250
1739943314869 0.00018511439328120478 260
1739943353486 0.0001845351867940921 270
1739943391703 0.00018395598030697944 280
1739943428685 0.0001833767738198668 290
1739943463623 0.00018279756733275413 300
1739943498816 0.00018221836084564148 310
1739943533928 0.00018163915435852882 320
1739943571433 0.00018105994787141617 330
1739943606859 0.0001804807413843035 340
1739943643020 0.00017990153489719086 350
1739943679024 0.0001793223284100782 360
1739943716378 0.00017874312192296554 370
1739943753353 0.0001781639154358529 380
1739943789967 0.00017758470894874023 390
1739943827233 0.00017700550246162758 400
1739943864279 0.00017642629597451492 410
1739943903205 0.00017584708948740227 420
1739943940734 0.00017526788300028961 430
1739943980056 0.00017468867651317696 440
1739944017759 0.0001741094700260643 450
1739944055595 0.00017353026353895165 460
1739944093582 0.000172951057051839 470
1739944131933 0.00017237185056472634 480
1739944170541 0.00017179264407761368 490
1739944208994 0.000171213437590501 500
1739944247663 0.00017063423110338837 510
1739944292840 0.00017005502461627572 520
1739944327482 0.00016947581812916303 530
1739944349254 0.0001688966116420504 540
1739944374775 0.00016831740515493775 550
1739944402634 0.0001677381986678251 560
1739944430656 0.00016715899218071241 570
1739944458838 0.00016657978569359979 580
1739944487633 0.00016600057920648713 590
1739944515607 0.00016542137271937445 600
1739944543398 0.00016484216623226182 610
1739944571415 0.00016426295974514917 620
1739944598441 0.00016368375325803648 630
1739944623005 0.00016310454677092383 640
1739944646594 0.0001625253402838112 650
1739944670418 0.00016194613379669854 660
1739944694360 0.00016136692730958586 670
1739944718675 0.0001607877208224732 680
1739944742735 0.00016020851433536058 690
1739944766578 0.0001596293078482479 700
1739944790527 0.00015905010136113524 710
1739944814193 0.0001584708948740226 720
1739944838076 0.00015789168838690993 730
1739944861870 0.00015731248189979728 740
1739944885531 0.00015673327541268462 750
1739944909153 0.000156154068925572 760
1739944932419 0.0001555748624384593 770
1739944956033 0.00015499565595134665 780
1739944979550 0.00015441644946423403 790
1739945002586 0.00015383724297712134 800
1739945025617 0.0001532580364900087 810
1739945048604 0.00015267883000289603 820
1739945071567 0.00015209962351578338 830
1739945094589 0.00015152041702867072 840
1739945117525 0.00015094121054155807 850
1739945140530 0.0001503620040544454 860
1739945163378 0.00014978279756733276 870
1739945186465 0.0001492035910802201 880
1739945209933 0.00014862438459310745 890
1739945232723 0.0001480451781059948 900
1739945255349 0.00014746597161888214 910
1739945278166 0.00014688676513176948 920
1739945300635 0.00014630755864465683 930
1739945323522 0.00014572835215754417 940
1739945346130 0.00014514914567043152 950
1739945368981 0.00014456993918331886 960
1739945391631 0.0001439907326962062 970
1739945414245 0.00014341152620909355 980
1739945437266 0.0001428323197219809 990
1739945460101 0.00014225311323486824 1000
1739945482683 0.00014167390674775559 1010
1739945505245 0.00014109470026064293 1020
1739945527709 0.00014051549377353025 1030
1739945550350 0.00013993628728641762 1040
1739945573011 0.00013935708079930496 1050
1739945595453 0.0001387778743121923 1060
1739945618302 0.00013819866782507965 1070
1739945640961 0.000137619461337967 1080
1739945663486 0.00013704025485085434 1090
1739945686564 0.00013646104836374166 1100
1739945709101 0.00013588184187662903 1110
1739945731679 0.00013530263538951638 1120
1739945754209 0.0001347234289024037 1130
1739945776777 0.00013414422241529104 1140
1739945799219 0.0001335650159281784 1150
1739945820732 0.00013298580944106576 1160
1739945845447 0.00013240660295395308 1170
1739945872712 0.00013182739646684045 1180
1739945900501 0.0001312481899797278 1190
1739945928476 0.0001306689834926151 1200
1739945954959 0.00013008977700550245 1210
1739945982232 0.00012951057051838983 1220
1739946010023 0.00012893136403127714 1230
1739946037632 0.0001283521575441645 1240
1739946064406 0.00012777295105705186 1250
1739946091473 0.0001271937445699392 1260
1739946118879 0.00012661453808282652 1270
1739946146109 0.00012603533159571387 1280
1739946173875 0.00012545612510860124 1290
1739946200197 0.00012487691862148856 1300
1739946227156 0.0001242977121343759 1310
1739946254591 0.00012371850564726327 1320
1739946281968 0.0001231392991601506 1330
1739946308894 0.00012256009267303794 1340
1739946336026 0.0001219808861859253 1350
1739946363142 0.00012140167969881264 1360
1739946390342 0.00012082247321169997 1370
1739946417243 0.00012024326672458732 1380
1739946443794 0.00011966406023747467 1390
1739946470954 0.000119084853750362 1400
1739946497843 0.00011850564726324935 1410
1739946525173 0.00011792644077613671 1420
1739946552027 0.00011734723428902403 1430
1739946579105 0.00011676802780191138 1440
1739946606005 0.00011618882131479873 1450
1739946633283 0.00011560961482768609 1460
1739946660224 0.00011503040834057342 1470
1739946686885 0.00011445120185346076 1480
1739946713982 0.00011387199536634812 1490
1739946741108 0.00011329278887923544 1500
1739946767952 0.0001127135823921228 1510
1739946794599 0.00011213437590501014 1520
1739946821595 0.00011155516941789747 1530
1739946848193 0.00011097596293078483 1540
1739946875549 0.00011039675644367218 1550
1739946901945 0.00010981754995655952 1560
1739946928412 0.00010923834346944685 1570
1739946955370 0.00010865913698233421 1580
1739946982384 0.00010807993049522156 1590
1739947009512 0.00010750072400810889 1600
1739947036060 0.00010692151752099623 1610
1739947063052 0.00010634231103388359 1620
1739947089809 0.00010576310454677092 1630
1739947117461 0.00010518389805965827 1640
1739947144238 0.00010460469157254563 1650
1739947170896 0.00010402548508543297 1660
1739947197684 0.0001034462785983203 1670
1739947224534 0.00010286707211120765 1680
1739947251800 0.000102287865624095 1690
1739947278445 0.00010170865913698234 1700
1739947305172 0.00010112945264986968 1710
1739947331634 0.00010055024616275704 1720
1739947358396 9.997103967564437e-05 1730
1739947384984 9.939183318853172e-05 1740
1739947411435 9.881262670141906e-05 1750
1739947438133 9.82334202143064e-05 1760
1739947464481 9.765421372719375e-05 1770
1739947491265 9.70750072400811e-05 1780
1739947517661 9.649580075296844e-05 1790
1739947544199 9.591659426585578e-05 1800
1739947570829 9.533738777874313e-05 1810
1739947597855 9.475818129163046e-05 1820
1739947624292 9.417897480451782e-05 1830
1739947650302 9.359976831740515e-05 1840
1739947676941 9.302056183029251e-05 1850
1739947703976 9.244135534317985e-05 1860
1739947730654 9.186214885606718e-05 1870
1739947756787 9.128294236895454e-05 1880
1739947783591 9.070373588184187e-05 1890
1739947810208 9.012452939472923e-05 1900
1739947836930 8.954532290761656e-05 1910
1739947863039 8.896611642050391e-05 1920
1739947889114 8.838690993339125e-05 1930
1739947915474 8.78077034462786e-05 1940
1739947942109 8.722849695916596e-05 1950
1739947969027 8.664929047205329e-05 1960
1739947994891 8.607008398494063e-05 1970
1739948020990 8.549087749782798e-05 1980
1739948047273 8.491167101071532e-05 1990
1739948073683 8.433246452360267e-05 2000
1739948099942 8.375325803649001e-05 2010
1739948125583 8.317405154937736e-05 2020
1739948151957 8.25948450622647e-05 2030
1739948178576 8.201563857515205e-05 2040
1739948205592 8.143643208803939e-05 2050
1739948232574 8.085722560092674e-05 2060
1739948259863 8.027801911381407e-05 2070
1739948287498 7.969881262670143e-05 2080
1739948315796 7.911960613958877e-05 2090
1739948343506 7.854039965247611e-05 2100
1739948371049 7.796119316536346e-05 2110
1739948399313 7.738198667825079e-05 2120
1739948427191 7.680278019113815e-05 2130
1739948455270 7.622357370402548e-05 2140
1739948483217 7.564436721691284e-05 2150
1739948511413 7.506516072980017e-05 2160
1739948539509 7.448595424268751e-05 2170
1739948568330 7.390674775557487e-05 2180
1739948596429 7.33275412684622e-05 2190
1739948624397 7.274833478134956e-05 2200
1739948652154 7.21691282942369e-05 2210
1739948680411 7.158992180712424e-05 2220
1739948708390 7.101071532001158e-05 2230
1739948736541 7.043150883289893e-05 2240
1739948764638 6.985230234578627e-05 2250
1739948792943 6.927309585867362e-05 2260
1739948821841 6.869388937156096e-05 2270
1739948851889 6.811468288444831e-05 2280
1739948889149 6.753547639733565e-05 2290
1739948916285 6.6956269910223e-05 2300
1739948941956 6.637706342311034e-05 2310
1739948969377 6.579785693599769e-05 2320
1739948996998 6.521865044888503e-05 2330
1739949030851 6.463944396177238e-05 2340
1739949065230 6.406023747465972e-05 2350
1739949096943 6.348103098754707e-05 2360
1739949128759 6.29018245004344e-05 2370
1739949161579 6.232261801332176e-05 2380
1739949194128 6.17434115262091e-05 2390
1739949227480 6.116420503909645e-05 2400
1739949261039 6.0584998551983784e-05 2410
1739949295173 6.000579206487112e-05 2420
1739949328573 5.942658557775847e-05 2430
1739949362007 5.884737909064582e-05 2440
1739949395952 5.826817260353317e-05 2450
1739949429737 5.768896611642051e-05 2460
1739949463721 5.7109759629307846e-05 2470
1739949494695 5.65305531421952e-05 2480
1739949529564 5.5951346655082535e-05 2490
1739949563162 5.537214016796989e-05 2500
1739949596774 5.4792933680857225e-05 2510
1739949630331 5.421372719374457e-05 2520
1739949664527 5.363452070663192e-05 2530
1739949698508 5.305531421951926e-05 2540
1739949732142 5.247610773240661e-05 2550
1739949766298 5.189690124529395e-05 2560
1739949798593 5.131769475818129e-05 2570
1739949832215 5.073848827106864e-05 2580
1739949865704 5.015928178395598e-05 2590
1739949899706 4.958007529684333e-05 2600
1739949933636 4.900086880973067e-05 2610
1739949967535 4.842166232261802e-05 2620
1739950001773 4.784245583550536e-05 2630
1739950036063 4.72632493483927e-05 2640
1739950069837 4.6684042861280045e-05 2650
1739950103474 4.610483637416739e-05 2660
1739950137661 4.5525629887054735e-05 2670
1739950171617 4.4946423399942086e-05 2680
1739950205295 4.4367216912829425e-05 2690
1739950239272 4.378801042571677e-05 2700
1739950273103 4.3208803938604114e-05 2710
1739950306594 4.262959745149146e-05 2720
1739950340341 4.2050390964378804e-05 2730
1739950374936 4.147118447726614e-05 2740
1739950408803 4.089197799015349e-05 2750
1739950442835 4.031277150304084e-05 2760
1739950478422 3.973356501592818e-05 2770
1739950504740 3.915435852881553e-05 2780
1739950532790 3.8575152041702866e-05 2790
1739950560854 3.799594555459021e-05 2800
1739950588713 3.7416739067477555e-05 2810
1739950616902 3.68375325803649e-05 2820
1739950645192 3.6258326093252245e-05 2830
1739950673552 3.567911960613959e-05 2840
1739950701582 3.5099913119026935e-05 2850
1739950730563 3.452070663191428e-05 2860
1739950760200 3.3941500144801624e-05 2870
1739950788307 3.336229365768897e-05 2880
1739950816097 3.278308717057631e-05 2890
1739950844452 3.220388068346366e-05 2900
1739950872547 3.1624674196351003e-05 2910
1739950900665 3.104546770923835e-05 2920
1739950928898 3.0466261222125693e-05 2930
1739950957407 2.988705473501303e-05 2940
1739950986220 2.9307848247900376e-05 2950
1739951014459 2.872864176078772e-05 2960
1739951042603 2.814943527367507e-05 2970
1739951071115 2.7570228786562414e-05 2980
1739951099530 2.6991022299449752e-05 2990
1739951127809 2.64118158123371e-05 3000
1739951156049 2.5832609325224445e-05 3010
1739951184346 2.525340283811179e-05 3020
1739951213237 2.467419635099913e-05 3030
1739951240887 2.4094989863886476e-05 3040
1739951268099 2.351578337677382e-05 3050
1739951295512 2.2936576889661165e-05 3060
1739951323088 2.235737040254851e-05 3070
1739951349877 2.1778163915435855e-05 3080
1739951376870 2.11989574283232e-05 3090
1739951403757 2.061975094121054e-05 3100
1739951430550 2.0040544454097886e-05 3110
1739951457110 1.946133796698523e-05 3120
1739951482811 1.8882131479872576e-05 3130
1739951509125 1.830292499275992e-05 3140
1739951535700 1.7723718505647262e-05 3150
1739951562181 1.714451201853461e-05 3160
1739951587776 1.6565305531421955e-05 3170
1739951613665 1.5986099044309296e-05 3180
1739951639847 1.540689255719664e-05 3190
1739951665830 1.4827686070083984e-05 3200
1739951692337 1.424847958297133e-05 3210
1739951717369 1.3669273095858675e-05 3220
1739951743360 1.3090066608746019e-05 3230
1739951769101 1.2510860121633363e-05 3240
1739951795265 1.1931653634520708e-05 3250
1739951821234 1.1352447147408051e-05 3260
1739951851223 1.0773240660295396e-05 3270
1739951884009 1.019403417318274e-05 3280
1739951917024 9.614827686070084e-06 3290
1739951950230 9.035621198957429e-06 3300
1739951982901 8.456414711844774e-06 3310
1739952015662 7.877208224732117e-06 3320
1739952049132 7.2980017376194616e-06 3330
1739952081834 6.7187952505068055e-06 3340
1739952114981 6.13958876339415e-06 3350
1739952147663 5.560382276281494e-06 3360
1739952177310 4.981175789168839e-06 3370
1739952202583 4.401969302056183e-06 3380
1739952229373 3.822762814943528e-06 3390
1739952255905 3.243556327830872e-06 3400
1739952282576 2.664349840718216e-06 3410
1739952308152 2.0851433536055606e-06 3420
1739952333754 1.5059368664929047e-06 3430
1739952359984 9.26730379380249e-07 3440
1739952385970 3.475238922675934e-07 3450
