1739942430205 2.9628 10
1739942464045 1.8788 20
1739942497347 1.6841 30
1739942529339 1.52 40
1739942561559 1.4049 50
1739942594143 1.3446 60
1739942627236 1.3109 70
1739942660237 1.3669 80
1739942693820 1.394 90
1739942727645 1.2892 100
1739942763467 1.3885 110
1739942799480 1.3202 120
1739942839994 1.398 130
1739942880395 1.3098 140
1739942921815 1.2984 150
1739942956759 1.2919 160
1739942991247 1.3075 170
1739943025736 1.2979 180
1739943060513 1.3364 190
1739943095635 1.2398 200
1739943131063 1.3638 210
1739943170978 1.1936 220
1739943206509 1.2862 230
1739943242272 1.2345 240
1739943278525 1.2874 250
1739943314869 1.2141 260
1739943353486 1.1718 270
1739943391703 1.2699 280
1739943428685 1.2283 290
1739943463623 1.237 300
1739943498816 1.1984 310
1739943533928 1.2398 320
1739943571433 1.1234 330
1739943606859 1.2864 340
1739943643020 1.263 350
1739943679024 1.198 360
1739943716378 1.2176 370
1739943753353 1.2719 380
1739943789967 1.1518 390
1739943827233 1.2383 400
1739943864279 1.1671 410
1739943903205 1.1498 420
1739943940734 1.2034 430
1739943980056 1.0812 440
1739944017759 1.2357 450
1739944055595 1.2747 460
1739944093582 1.1516 470
1739944131933 1.2553 480
1739944170541 1.1444 490
1739944208994 1.0896 500
1739944247663 1.3508 510
1739944292840 1.2115 520
1739944327482 1.2087 530
1739944349254 1.1524 540
1739944374775 1.3028 550
1739944402634 1.2076 560
1739944430656 1.1794 570
1739944458838 1.15 580
1739944487633 1.2537 590
1739944515607 1.2207 600
1739944543398 1.272 610
1739944571415 1.0727 620
1739944598441 1.1872 630
1739944623005 1.1375 640
1739944646594 1.1938 650
1739944670418 1.2209 660
1739944694360 1.0457 670
1739944718675 1.0379 680
1739944742735 1.1632 690
1739944766578 1.1297 700
1739944790527 1.0728 710
1739944814193 1.0864 720
1739944838076 1.146 730
1739944861870 1.1934 740
1739944885531 1.0862 750
1739944909153 1.1834 760
1739944932419 1.1607 770
1739944956033 1.1726 780
1739944979550 1.1025 790
1739945002586 1.2138 800
1739945025617 1.0924 810
1739945048604 1.0522 820
1739945071567 1.0832 830
1739945094589 1.0976 840
1739945117525 1.1167 850
1739945140530 1.1083 860
1739945163378 1.1369 870
1739945186465 1.119 880
1739945209933 1.1017 890
1739945232723 1.1318 900
1739945255349 1.0582 910
1739945278166 1.1253 920
1739945300635 1.0377 930
1739945323522 1.1508 940
1739945346130 1.0848 950
1739945368981 1.1137 960
1739945391631 1.0825 970
1739945414245 1.1309 980
1739945437266 1.0077 990
1739945460101 1.0772 1000
1739945482683 1.0748 1010
1739945505245 1.1975 1020
1739945527709 1.0582 1030
1739945550350 1.0623 1040
1739945573011 1.0694 1050
1739945595453 1.0228 1060
1739945618302 1.1938 1070
1739945640961 1.0753 1080
1739945663486 1.0543 1090
1739945686564 1.1543 1100
1739945709101 1.0204 1110
1739945731679 1.1457 1120
1739945754209 1.0753 1130
1739945776777 1.1132 1140
1739945799219 1.1836 1150
1739945820732 1.0217 1160
1739945845447 1.0286 1170
1739945872712 1.0701 1180
1739945900501 1.1012 1190
1739945928476 0.9626 1200
1739945954959 1.0152 1210
1739945982232 1.1275 1220
1739946010023 0.943 1230
1739946037632 1.0729 1240
1739946064406 0.9918 1250
1739946091473 1.1491 1260
1739946118879 1.0273 1270
1739946146109 1.1463 1280
1739946173875 1.0416 1290
1739946200197 1.1305 1300
1739946227156 1.1731 1310
1739946254591 1.0623 1320
1739946281968 1.1258 1330
1739946308894 1.0476 1340
1739946336026 0.9145 1350
1739946363142 1.0507 1360
1739946390342 1.0511 1370
1739946417243 1.0288 1380
1739946443794 1.0188 1390
1739946470954 1.1044 1400
1739946497843 1.0032 1410
1739946525173 1.0862 1420
1739946552027 1.0477 1430
1739946579105 1.044 1440
1739946606005 1.0808 1450
1739946633283 0.9878 1460
1739946660224 0.9812 1470
1739946686885 0.99 1480
1739946713982 1.0554 1490
1739946741108 1.11 1500
1739946767952 1.0147 1510
1739946794599 1.0188 1520
1739946821595 1.0074 1530
1739946848193 1.0732 1540
1739946875549 1.0121 1550
1739946901945 1.1027 1560
1739946928412 0.9515 1570
1739946955370 1.0927 1580
1739946982384 0.9788 1590
1739947009512 1.0163 1600
1739947036060 0.9833 1610
1739947063052 1.0692 1620
1739947089809 1.0205 1630
1739947117461 1.0322 1640
1739947144238 0.9546 1650
1739947170896 0.9198 1660
1739947197684 1.0029 1670
1739947224534 1.083 1680
1739947251800 0.9966 1690
1739947278445 0.9325 1700
1739947305172 0.9742 1710
1739947331634 1.0217 1720
1739947358396 1.0227 1730
1739947384984 1.0889 1740
1739947411435 0.9869 1750
1739947438133 0.9498 1760
1739947464481 1.0534 1770
1739947491265 0.9975 1780
1739947517661 0.9451 1790
1739947544199 1.063 1800
1739947570829 0.8948 1810
1739947597855 0.9294 1820
1739947624292 1.0152 1830
1739947650302 0.9552 1840
1739947676941 1.0266 1850
1739947703976 1.0445 1860
1739947730654 0.9633 1870
1739947756787 1.0345 1880
1739947783591 0.9353 1890
1739947810208 1.039 1900
1739947836930 0.9986 1910
1739947863039 0.9584 1920
1739947889114 0.9113 1930
1739947915474 0.969 1940
1739947942109 0.9656 1950
1739947969027 0.9949 1960
1739947994891 0.9487 1970
1739948020990 1.0077 1980
1739948047273 1.0479 1990
1739948073683 0.975 2000
1739948099942 1.0214 2010
1739948125583 0.9256 2020
1739948151957 0.9911 2030
1739948178576 1.0594 2040
1739948205592 0.9692 2050
1739948232574 0.8968 2060
1739948259863 0.9907 2070
1739948287498 1.0405 2080
1739948315796 1.0254 2090
1739948343506 0.8902 2100
1739948371049 0.9779 2110
1739948399313 0.997 2120
1739948427191 0.9521 2130
1739948455270 0.9666 2140
1739948483217 1.0453 2150
1739948511413 1.013 2160
1739948539509 0.9308 2170
1739948568330 0.9767 2180
1739948596429 0.9329 2190
1739948624397 1.0199 2200
1739948652154 1.0584 2210
1739948680411 0.932 2220
1739948708390 1.0417 2230
1739948736541 0.9803 2240
1739948764638 1.0419 2250
1739948792943 1.0028 2260
1739948821841 1.0133 2270
1739948851889 1.0921 2280
1739948889149 0.9926 2290
1739948916285 1.046 2300
1739948941956 0.8921 2310
1739948969377 1.0354 2320
1739948996998 0.9361 2330
1739949030851 0.8605 2340
1739949065230 0.9863 2350
1739949096943 0.9318 2360
1739949128759 1.0603 2370
1739949161579 0.9766 2380
1739949194128 0.9433 2390
1739949227480 0.991 2400
1739949261039 0.8712 2410
1739949295173 0.8976 2420
1739949328573 0.9644 2430
1739949362007 0.9283 2440
1739949395952 0.9627 2450
1739949429737 0.9454 2460
1739949463721 0.9107 2470
1739949494695 0.9123 2480
1739949529564 0.9711 2490
1739949563162 0.9105 2500
1739949596774 0.9222 2510
1739949630331 0.9591 2520
1739949664527 0.9593 2530
1739949698508 0.9609 2540
1739949732142 0.9525 2550
1739949766298 0.9657 2560
1739949798593 0.9664 2570
1739949832215 0.9995 2580
1739949865704 0.9002 2590
1739949899706 0.9739 2600
1739949933636 0.9835 2610
1739949967535 0.9846 2620
1739950001773 0.9408 2630
1739950036063 0.9396 2640
1739950069837 0.8791 2650
1739950103474 0.8312 2660
1739950137661 0.9509 2670
1739950171617 1.0528 2680
1739950205295 0.8459 2690
1739950239272 0.9773 2700
1739950273103 0.9515 2710
1739950306594 0.9338 2720
1739950340341 0.9659 2730
1739950374936 1.0158 2740
1739950408803 0.9912 2750
1739950442835 0.9887 2760
1739950478422 0.9894 2770
1739950504740 0.8934 2780
1739950532790 0.8778 2790
1739950560854 0.951 2800
1739950588713 0.9839 2810
1739950616902 0.9216 2820
1739950645192 0.926 2830
1739950673552 0.9911 2840
1739950701582 0.8968 2850
1739950730563 0.8649 2860
1739950760200 1.0209 2870
1739950788307 0.9216 2880
1739950816097 0.9704 2890
1739950844452 0.9455 2900
1739950872547 1.0303 2910
1739950900665 0.8791 2920
1739950928898 0.9052 2930
1739950957407 0.9048 2940
1739950986220 0.8503 2950
1739951014459 0.9144 2960
1739951042603 0.9869 2970
1739951071115 0.914 2980
1739951099530 0.9906 2990
1739951127809 0.9603 3000
1739951156049 0.9887 3010
1739951184346 0.9044 3020
1739951213237 0.9067 3030
1739951240887 0.9047 3040
1739951268099 0.8865 3050
1739951295512 0.9441 3060
1739951323088 0.8767 3070
1739951349877 0.9115 3080
1739951376870 0.8749 3090
1739951403757 0.9295 3100
1739951430550 1.0152 3110
1739951457110 0.8829 3120
1739951482811 0.8334 3130
1739951509125 0.9615 3140
1739951535700 0.8801 3150
1739951562181 0.971 3160
1739951587776 1.0111 3170
1739951613665 0.8714 3180
1739951639847 0.9125 3190
1739951665830 0.887 3200
1739951692337 0.9906 3210
1739951717369 0.911 3220
1739951743360 1.0219 3230
1739951769101 0.917 3240
1739951795265 1.0175 3250
1739951821234 0.9052 3260
1739951851223 0.9753 3270
1739951884009 0.9615 3280
1739951917024 0.9739 3290
1739951950230 0.9785 3300
1739951982901 0.9789 3310
1739952015662 0.8274 3320
1739952049132 0.8737 3330
1739952081834 0.9525 3340
1739952114981 0.857 3350
1739952147663 1.0032 3360
1739952177310 0.9744 3370
1739952202583 0.9982 3380
1739952229373 0.9459 3390
1739952255905 0.964 3400
1739952282576 0.9467 3410
1739952308152 0.9491 3420
1739952333754 0.9273 3430
1739952359984 0.9173 3440
1739952385970 0.9554 3450
