1739952608790 0.008686210640608035 10
1739952629982 0.01737242128121607 20
1739952653031 0.026058631921824105 30
1739952676053 0.03474484256243214 40
1739952699889 0.04343105320304017 50
1739952723872 0.05211726384364821 60
1739952748356 0.06080347448425624 70
1739952773508 0.06948968512486428 80
1739952797860 0.0781758957654723 90
1739952822831 0.08686210640608034 100
1739952847896 0.09554831704668838 110
1739952873339 0.10423452768729642 120
1739952898340 0.11292073832790445 130
1739952922982 0.12160694896851248 140
1739952948308 0.13029315960912052 150
1739952974116 0.13897937024972856 160
1739952999719 0.1476655808903366 170
1739953025122 0.1563517915309446 180
1739953050529 0.16503800217155265 190
1739953076374 0.1737242128121607 200
1739953102103 0.18241042345276873 210
1739953128585 0.19109663409337677 220
1739953153306 0.1997828447339848 230
1739953178723 0.20846905537459284 240
1739953206573 0.21715526601520088 250
1739953235248 0.2258414766558089 260
1739953263499 0.23452768729641693 270
1739953291638 0.24321389793702497 280
1739953319651 0.251900108577633 290
1739953347857 0.26058631921824105 300
1739953376442 0.2692725298588491 310
1739953404955 0.2779587404994571 320
1739953433497 0.28664495114006516 330
1739953462703 0.2953311617806732 340
1739953491902 0.30401737242128124 350
1739953521284 0.3127035830618892 360
1739953550767 0.32138979370249726 370
1739953580287 0.3300760043431053 380
1739953610093 0.33876221498371334 390
1739953639835 0.3474484256243214 400
1739953669442 0.3561346362649294 410
1739953699143 0.36482084690553745 420
1739953729032 0.3735070575461455 430
1739953759258 0.38219326818675353 440
1739953789618 0.39087947882736157 450
1739953819846 0.3995656894679696 460
1739953850533 0.40825190010857765 470
1739953881336 0.4169381107491857 480
1739953911960 0.4256243213897937 490
1739953943133 0.43431053203040176 500
1739953973983 0.44299674267100975 510
1739954005499 0.4516829533116178 520
1739954036539 0.4603691639522258 530
1739954068074 0.46905537459283386 540
1739954099946 0.4777415852334419 550
1739954131510 0.48642779587404994 560
1739954162558 0.495114006514658 570
1739954193837 0.503800217155266 580
1739954225095 0.512486427795874 590
1739954256939 0.5211726384364821 600
1739954288599 0.5298588490770901 610
1739954320562 0.5385450597176982 620
1739954352905 0.5472312703583062 630
1739954385359 0.5559174809989142 640
1739954418021 0.5646036916395223 650
1739954450559 0.5732899022801303 660
1739954483135 0.5819761129207384 670
1739954516124 0.5906623235613464 680
1739954550687 0.5993485342019544 690
1739954585068 0.6080347448425625 700
1739954618891 0.6167209554831705 710
1739954652592 0.6254071661237784 720
1739954686809 0.6340933767643865 730
1739954721562 0.6427795874049945 740
1739954756529 0.6514657980456026 750
1739954791483 0.6601520086862106 760
1739954826456 0.6688382193268186 770
1739954861980 0.6775244299674267 780
1739954897441 0.6862106406080347 790
1739954933218 0.6948968512486428 800
1739954969319 0.7035830618892508 810
1739955005346 0.7122692725298588 820
1739955041639 0.7209554831704669 830
1739955075769 0.7296416938110749 840
1739955110408 0.738327904451683 850
1739955144985 0.747014115092291 860
1739955180118 0.755700325732899 870
1739955215702 0.7643865363735071 880
1739955251220 0.7730727470141151 890
1739955286737 0.7817589576547231 900
1739955322316 0.7904451682953312 910
1739955358184 0.7991313789359392 920
1739955394015 0.8078175895765473 930
1739955430314 0.8165038002171553 940
1739955466749 0.8251900108577633 950
1739955503452 0.8338762214983714 960
1739955540701 0.8425624321389794 970
1739955578005 0.8512486427795874 980
1739955615080 0.8599348534201955 990
1739955652183 0.8686210640608035 1000
1739955689464 0.8773072747014115 1010
1739955726558 0.8859934853420195 1020
1739955764200 0.8946796959826275 1030
1739955801884 0.9033659066232356 1040
1739955825421 0.9120521172638436 1050
1739955848219 0.9207383279044516 1060
1739955874125 0.9294245385450597 1070
1739955902100 0.9381107491856677 1080
1739955930256 0.9467969598262758 1090
1739955958427 0.9554831704668838 1100
1739955986766 0.9641693811074918 1110
1739956015494 0.9728555917480999 1120
1739956043683 0.9815418023887079 1130
1739956071780 0.990228013029316 1140
1739956099423 0.998914223669924 1150
1739956126024 1.0069489685124864 1160
1739956154506 1.0156351791530944 1170
1739956182645 1.0243213897937025 1180
1739956210858 1.0330076004343105 1190
1739956238344 1.0416938110749185 1200
1739956262304 1.0503800217155266 1210
1739956285573 1.0590662323561346 1220
1739956308920 1.0677524429967427 1230
1739956332207 1.0764386536373507 1240
1739956355989 1.0851248642779587 1250
1739956379645 1.0938110749185668 1260
1739956402946 1.1024972855591748 1270
1739956426221 1.1111834961997828 1280
1739956449827 1.1198697068403909 1290
1739956473374 1.128555917480999 1300
1739956496942 1.137242128121607 1310
1739956520354 1.145928338762215 1320
1739956543639 1.154614549402823 1330
1739956566865 1.163300760043431 1340
1739956590034 1.1719869706840391 1350
1739956613387 1.1806731813246472 1360
1739956636646 1.1893593919652552 1370
1739956659831 1.1980456026058632 1380
1739956683131 1.2067318132464713 1390
1739956706583 1.2154180238870793 1400
1739956730206 1.2241042345276874 1410
1739956753323 1.2327904451682954 1420
1739956776649 1.2414766558089034 1430
1739956799943 1.2501628664495115 1440
1739956823027 1.2588490770901195 1450
1739956846407 1.2675352877307275 1460
1739956869588 1.2762214983713356 1470
1739956892897 1.2849077090119436 1480
1739956916349 1.2935939196525514 1490
1739956939575 1.3022801302931595 1500
1739956963460 1.3109663409337675 1510
1739956986910 1.3196525515743756 1520
1739957010327 1.3283387622149836 1530
1739957033671 1.3370249728555916 1540
1739957056971 1.3457111834961997 1550
1739957080307 1.3543973941368077 1560
1739957103736 1.3630836047774157 1570
1739957127017 1.3717698154180238 1580
1739957150512 1.3804560260586318 1590
1739957173713 1.3891422366992399 1600
1739957197459 1.397828447339848 1610
1739957220927 1.406514657980456 1620
1739957244344 1.415200868621064 1630
1739957267595 1.423887079261672 1640
1739957290938 1.43257328990228 1650
1739957314350 1.441259500542888 1660
1739957337829 1.4499457111834961 1670
1739957361237 1.4586319218241042 1680
1739957384570 1.4673181324647122 1690
1739957407827 1.4760043431053202 1700
1739957431512 1.4846905537459283 1710
1739957455357 1.4933767643865363 1720
1739957478394 1.5020629750271444 1730
1739957501730 1.5107491856677524 1740
1739957525092 1.5194353963083604 1750
1739957548185 1.5281216069489685 1760
1739957571624 1.5368078175895765 1770
1739957595098 1.5454940282301846 1780
1739957618299 1.5541802388707926 1790
1739957641683 1.5628664495114006 1800
1739957665224 1.5715526601520087 1810
1739957689189 1.5802388707926167 1820
1739957712491 1.5889250814332248 1830
1739957735632 1.5976112920738328 1840
1739957758839 1.6062975027144408 1850
1739957781939 1.6149837133550489 1860
1739957805334 1.623669923995657 1870
1739957828600 1.632356134636265 1880
1739957851982 1.641042345276873 1890
1739957875283 1.649728555917481 1900
1739957898716 1.658414766558089 1910
1739957922462 1.667100977198697 1920
1739957946033 1.6757871878393051 1930
1739957969217 1.6844733984799132 1940
1739957992626 1.6931596091205212 1950
1739958015712 1.7018458197611293 1960
1739958039303 1.7105320304017373 1970
1739958062600 1.7192182410423453 1980
1739958085937 1.7279044516829534 1990
1739958109323 1.7365906623235614 2000
1739958132687 1.7452768729641694 2010
1739958156614 1.7539630836047775 2020
1739958180559 1.7626492942453855 2030
1739958203900 1.7713355048859936 2040
1739958227230 1.7800217155266016 2050
1739958250431 1.7887079261672096 2060
1739958273918 1.7973941368078177 2070
1739958297303 1.8060803474484257 2080
1739958320615 1.8147665580890338 2090
1739958344030 1.8234527687296418 2100
1739958367522 1.8321389793702498 2110
1739958391173 1.8408251900108579 2120
1739958415055 1.849511400651466 2130
1739958438407 1.858197611292074 2140
1739958461656 1.866883821932682 2150
1739958484958 1.87557003257329 2160
1739958508447 1.884256243213898 2170
1739958531899 1.892942453854506 2180
1739958555124 1.9016286644951141 2190
1739958578405 1.9103148751357222 2200
1739958601837 1.9190010857763302 2210
1739958625166 1.9276872964169383 2220
1739958648919 1.9363735070575463 2230
1739958671817 1.9450597176981543 2240
1739958694640 1.9537459283387624 2250
1739958717430 1.9624321389793704 2260
1739958739906 1.9711183496199784 2270
1739958762549 1.9798045602605863 2280
1739958784952 1.9884907709011943 2290
1739958807470 1.9971769815418023 2300
1739958829821 2.0052117263843647 2310
1739958855774 2.0138979370249728 2320
1739958883401 2.022584147665581 2330
1739958909970 2.031270358306189 2340
1739958936034 2.039956568946797 2350
1739958962680 2.048642779587405 2360
1739958989207 2.057328990228013 2370
1739959015660 2.066015200868621 2380
1739959042267 2.074701411509229 2390
1739959068880 2.083387622149837 2400
1739959095253 2.092073832790445 2410
1739959122343 2.100760043431053 2420
1739959148043 2.109446254071661 2430
1739959174304 2.1181324647122692 2440
1739959200812 2.1268186753528773 2450
1739959227430 2.1355048859934853 2460
1739959253797 2.1441910966340934 2470
1739959279674 2.1528773072747014 2480
1739959306090 2.1615635179153094 2490
1739959332531 2.1702497285559175 2500
1739959359209 2.1789359391965255 2510
1739959385421 2.1876221498371335 2520
1739959411181 2.1963083604777416 2530
1739959437562 2.2049945711183496 2540
1739959464028 2.2136807817589577 2550
1739959490787 2.2223669923995657 2560
1739959517396 2.2310532030401737 2570
1739959544888 2.2397394136807818 2580
1739959572408 2.24842562432139 2590
1739959600641 2.257111834961998 2600
1739959628132 2.265798045602606 2610
1739959656066 2.274484256243214 2620
1739959684087 2.283170466883822 2630
1739959711882 2.29185667752443 2640
1739959740325 2.300542888165038 2650
1739959768618 2.309229098805646 2660
1739959796999 2.317915309446254 2670
1739959825375 2.326601520086862 2680
1739959854457 2.33528773072747 2690
1739959882600 2.3439739413680782 2700
1739959912521 2.3526601520086863 2710
1739959949713 2.3613463626492943 2720
1739960007353 2.3700325732899024 2730
1739960095851 2.3787187839305104 2740
1739960183474 2.3874049945711184 2750
1739960267771 2.3960912052117265 2760
1739960368516 2.4047774158523345 2770
1739960458154 2.4134636264929425 2780
1739960545720 2.4221498371335506 2790
1739960644133 2.4308360477741586 2800
1739960673521 2.4395222584147667 2810
1739960703956 2.4482084690553747 2820
1739960734623 2.4568946796959827 2830
1739960765947 2.465580890336591 2840
1739960797260 2.474267100977199 2850
1739960829059 2.482953311617807 2860
1739960861321 2.491639522258415 2870
1739960894207 2.500325732899023 2880
1739960926166 2.509011943539631 2890
1739960958664 2.517698154180239 2900
1739960990929 2.526384364820847 2910
1739961023891 2.535070575461455 2920
1739961056670 2.543756786102063 2930
1739961089491 2.552442996742671 2940
1739961122983 2.561129207383279 2950
1739961156167 2.5698154180238872 2960
1739961189825 2.578501628664495 2970
1739961223770 2.587187839305103 2980
1739961257695 2.595874049945711 2990
1739961292194 2.604560260586319 3000
1739961326940 2.613246471226927 3010
1739961363495 2.621932681867535 3020
1739961398557 2.630618892508143 3030
1739961433735 2.639305103148751 3040
1739961469170 2.647991313789359 3050
1739961504709 2.656677524429967 3060
1739961540456 2.6653637350705752 3070
1739961576692 2.6740499457111833 3080
1739961612957 2.6827361563517913 3090
1739961649750 2.6914223669923993 3100
1739961686445 2.7001085776330074 3110
1739961724963 2.7087947882736154 3120
1739961762204 2.7174809989142235 3130
1739961799394 2.7261672095548315 3140
1739961834988 2.7348534201954395 3150
1739961870181 2.7435396308360476 3160
1739961905725 2.7522258414766556 3170
1739961941651 2.7609120521172636 3180
1739961977874 2.7695982627578717 3190
1739962013716 2.7782844733984797 3200
1739962050207 2.7869706840390878 3210
1739962086806 2.795656894679696 3220
1739962123352 2.804343105320304 3230
1739962160480 2.813029315960912 3240
1739962197309 2.82171552660152 3250
1739962234518 2.830401737242128 3260
1739962271950 2.839087947882736 3270
1739962309780 2.847774158523344 3280
1739962348245 2.856460369163952 3290
1739962386535 2.86514657980456 3300
1739962424707 2.873832790445168 3310
1739962463051 2.882519001085776 3320
1739962501609 2.8912052117263842 3330
1739962540100 2.8998914223669923 3340
1739962578941 2.9085776330076003 3350
1739962618013 2.9172638436482083 3360
1739962657404 2.9259500542888164 3370
1739962696750 2.9346362649294244 3380
1739962735825 2.9433224755700325 3390
1739962774417 2.9520086862106405 3400
1739962813308 2.9606948968512485 3410
1739962851968 2.9693811074918566 3420
1739962891199 2.9780673181324646 3430
1739962930806 2.9867535287730727 3440
1739962970571 2.9954397394136807 3450
1739962983435 2.9980456026058633 3453
