1739952608790 3.210930347442627 10
1739952629982 0.8084443807601929 20
1739952653031 0.8499131202697754 30
1739952676053 0.5811090469360352 40
1739952699889 0.524926483631134 50
1739952723872 0.5349125266075134 60
1739952748356 0.5470442771911621 70
1739952773508 0.6006681323051453 80
1739952797860 0.5209481120109558 90
1739952822831 0.5855168700218201 100
1739952847896 0.5153606534004211 110
1739952873339 0.5284730195999146 120
1739952898340 0.593189001083374 130
1739952922982 0.5651355385780334 140
1739952948308 0.5506460070610046 150
1739952974116 0.5008084177970886 160
1739952999719 0.5350345373153687 170
1739953025122 0.5940604209899902 180
1739953050529 0.6047133803367615 190
1739953076374 0.603472888469696 200
1739953102103 0.5671681761741638 210
1739953128585 0.5766524076461792 220
1739953153306 0.6139291524887085 230
1739953178723 0.5564962029457092 240
1739953206573 0.556479275226593 250
1739953235248 0.5294215083122253 260
1739953263499 0.5723572969436646 270
1739953291638 0.6237428188323975 280
1739953319651 0.5885578989982605 290
1739953347857 0.6255627274513245 300
1739953376442 0.49532291293144226 310
1739953404955 0.5819813013076782 320
1739953433497 0.5755627155303955 330
1739953462703 0.6148079633712769 340
1739953491902 0.6106274127960205 350
1739953521284 0.6352142095565796 360
1739953550767 0.6623479127883911 370
1739953580287 0.6351202726364136 380
1739953610093 0.7344785928726196 390
1739953639835 0.7000159025192261 400
1739953669442 0.5906022191047668 410
1739953699143 0.7071958184242249 420
1739953729032 0.6432493925094604 430
1739953759258 0.5629795789718628 440
1739953789618 0.5914902687072754 450
1739953819846 0.7189491391181946 460
1739953850533 0.6210649013519287 470
1739953881336 0.6589555144309998 480
1739953911960 0.5974624752998352 490
1739953943133 0.6481417417526245 500
1739953973983 0.6715804934501648 510
1739954005499 0.6292838454246521 520
1739954036539 0.6566709280014038 530
1739954068074 0.7229490876197815 540
1739954099946 0.6490395665168762 550
1739954131510 0.6335843205451965 560
1739954162558 0.6170278787612915 570
1739954193837 0.5882194638252258 580
1739954225095 0.6103047132492065 590
1739954256939 0.6374513506889343 600
1739954288599 0.6401922702789307 610
1739954320562 0.6459788084030151 620
1739954352905 0.6391454935073853 630
1739954385359 0.6284772157669067 640
1739954418021 0.599722683429718 650
1739954450559 0.6196720004081726 660
1739954483135 0.6017517447471619 670
1739954516124 0.6020195484161377 680
1739954550687 0.6776750683784485 690
1739954585068 0.6229945421218872 700
1739954618891 0.7069921493530273 710
1739954652592 0.5470516681671143 720
1739954686809 0.7245623469352722 730
1739954721562 0.6310243010520935 740
1739954756529 0.6276898384094238 750
1739954791483 0.608890950679779 760
1739954826456 0.6445997953414917 770
1739954861980 0.6921582818031311 780
1739954897441 0.6703068017959595 790
1739954933218 0.7835492491722107 800
1739954969319 0.616830050945282 810
1739955005346 0.6190165877342224 820
1739955041639 0.6006795167922974 830
1739955075769 0.6706823110580444 840
1739955110408 0.5809547901153564 850
1739955144985 0.580599308013916 860
1739955180118 0.6808120608329773 870
1739955215702 0.673660397529602 880
1739955251220 0.6442389488220215 890
1739955286737 0.6301260590553284 900
1739955322316 0.6735516786575317 910
1739955358184 0.6793650984764099 920
1739955394015 0.5696578025817871 930
1739955430314 0.6454222202301025 940
1739955466749 0.8155317902565002 950
1739955503452 0.6303648948669434 960
1739955540701 0.6685250401496887 970
1739955578005 0.7269419431686401 980
1739955615080 0.7623997926712036 990
1739955652183 0.6176288723945618 1000
1739955689464 0.6310872435569763 1010
1739955726558 0.6869170665740967 1020
1739955764200 0.6583701372146606 1030
1739955801884 0.6370358467102051 1040
1739955825421 0.637674868106842 1050
1739955848219 0.7304978966712952 1060
1739955874125 0.6501466035842896 1070
1739955902100 0.6055394411087036 1080
1739955930256 0.6936289072036743 1090
1739955958427 0.713972806930542 1100
1739955986766 0.6460880041122437 1110
1739956015494 0.7391809225082397 1120
1739956043683 0.7714466452598572 1130
1739956071780 0.6700458526611328 1140
1739956099423 0.7573230266571045 1150
1739956126024 0.6958423852920532 1160
1739956154506 0.6353483200073242 1170
1739956182645 0.6811159253120422 1180
1739956210858 0.664811372756958 1190
1739956238344 0.7331740856170654 1200
1739956262304 0.7266790270805359 1210
1739956285573 0.7055482268333435 1220
1739956308920 0.7085676193237305 1230
1739956332207 0.6735193133354187 1240
1739956355989 0.6160702705383301 1250
1739956379645 0.730901300907135 1260
1739956402946 0.6206520795822144 1270
1739956426221 0.7178457379341125 1280
1739956449827 0.7223658561706543 1290
1739956473374 0.752511739730835 1300
1739956496942 0.6819760799407959 1310
1739956520354 0.6645272970199585 1320
1739956543639 0.7950254082679749 1330
1739956566865 0.7143456935882568 1340
1739956590034 0.6424959301948547 1350
1739956613387 0.7112696170806885 1360
1739956636646 0.8064625263214111 1370
1739956659831 0.6406891942024231 1380
1739956683131 0.6863170862197876 1390
1739956706583 0.7659831643104553 1400
1739956730206 0.7106319665908813 1410
1739956753323 0.7671316266059875 1420
1739956776649 0.5990083813667297 1430
1739956799943 0.6702631115913391 1440
1739956823027 0.7510149478912354 1450
1739956846407 0.7443110346794128 1460
1739956869588 0.7902646660804749 1470
1739956892897 0.9700004458427429 1480
1739956916349 0.7643666863441467 1490
1739956939575 0.8168660998344421 1500
1739956963460 0.7458049654960632 1510
1739956986910 0.6581302285194397 1520
1739957010327 0.6380656957626343 1530
1739957033671 0.7291543483734131 1540
1739957056971 0.7630476355552673 1550
1739957080307 0.7188601493835449 1560
1739957103736 0.7342722415924072 1570
1739957127017 0.796758234500885 1580
1739957150512 0.7669215798377991 1590
1739957173713 0.8469681143760681 1600
1739957197459 0.6879815459251404 1610
1739957220927 0.8029247522354126 1620
1739957244344 0.8608726859092712 1630
1739957267595 0.6281667351722717 1640
1739957290938 0.7148963212966919 1650
1739957314350 0.7396069765090942 1660
1739957337829 0.7143250703811646 1670
1739957361237 0.7487713694572449 1680
1739957384570 0.7660105228424072 1690
1739957407827 0.7069812417030334 1700
1739957431512 0.6553425788879395 1710
1739957455357 0.7261549234390259 1720
1739957478394 0.778778076171875 1730
1739957501730 0.7020770907402039 1740
1739957525092 0.6563082337379456 1750
1739957548185 0.7634759545326233 1760
1739957571624 0.6656015515327454 1770
1739957595098 0.7508662343025208 1780
1739957618299 0.617708683013916 1790
1739957641683 0.8441584706306458 1800
1739957665224 0.7975255846977234 1810
1739957689189 0.6035885810852051 1820
1739957712491 0.6872403621673584 1830
1739957735632 0.7068970203399658 1840
1739957758839 0.6703812479972839 1850
1739957781939 0.7608097791671753 1860
1739957805334 0.6280439496040344 1870
1739957828600 0.7752746939659119 1880
1739957851982 0.6809893250465393 1890
1739957875283 0.7945341467857361 1900
1739957898716 0.9145997166633606 1910
1739957922462 0.7149320244789124 1920
1739957946033 0.8164961934089661 1930
1739957969217 0.7875412702560425 1940
1739957992626 0.7640721201896667 1950
1739958015712 0.7932247519493103 1960
1739958039303 0.9404059052467346 1970
1739958062600 0.7213532328605652 1980
1739958085937 0.7507368326187134 1990
1739958109323 0.6760860085487366 2000
1739958132687 0.7503235936164856 2010
1739958156614 0.7248284816741943 2020
1739958180559 0.9792335629463196 2030
1739958203900 0.7593812346458435 2040
1739958227230 0.7441803812980652 2050
1739958250431 0.6664133667945862 2060
1739958273918 0.7756040096282959 2070
1739958297303 0.7884373068809509 2080
1739958320615 0.5915802121162415 2090
1739958344030 0.7538318634033203 2100
1739958367522 0.6693822741508484 2110
1739958391173 0.8432016372680664 2120
1739958415055 0.8185460567474365 2130
1739958438407 0.6926463842391968 2140
1739958461656 0.855522096157074 2150
1739958484958 0.7232992053031921 2160
1739958508447 0.7405775785446167 2170
1739958531899 0.8393336534500122 2180
1739958555124 0.6581085920333862 2190
1739958578405 0.7742016315460205 2200
1739958601837 0.8721839785575867 2210
1739958625166 0.674812912940979 2220
1739958648919 0.887810468673706 2230
1739958671817 0.8264518976211548 2240
1739958694640 0.8326203227043152 2250
1739958717430 0.7792152762413025 2260
1739958739906 0.8499069213867188 2270
1739958762549 0.8560789823532104 2280
1739958784952 0.7334315776824951 2290
1739958807470 0.6856212615966797 2300
1739958829821 0.7801037430763245 2310
1739958855774 0.775132417678833 2320
1739958883401 0.7439864277839661 2330
1739958909970 0.6956854462623596 2340
1739958936034 0.8105443716049194 2350
1739958962680 0.8634099364280701 2360
1739958989207 0.7285873293876648 2370
1739959015660 0.7015629410743713 2380
1739959042267 0.7051433324813843 2390
1739959068880 0.8021384477615356 2400
1739959095253 0.7028526067733765 2410
1739959122343 0.7373196482658386 2420
1739959148043 0.7540217638015747 2430
1739959174304 0.7899346947669983 2440
1739959200812 0.6626737713813782 2450
1739959227430 0.7638604044914246 2460
1739959253797 0.8218480348587036 2470
1739959279674 0.7764806747436523 2480
1739959306090 0.8090657591819763 2490
1739959332531 0.7345319390296936 2500
1739959359209 0.7840659618377686 2510
1739959385421 0.8232596516609192 2520
1739959411181 0.7498733997344971 2530
1739959437562 0.6847594380378723 2540
1739959464028 0.8756764531135559 2550
1739959490787 0.9241166114807129 2560
1739959517396 0.8475082516670227 2570
1739959544888 0.8140024542808533 2580
1739959572408 0.8447680473327637 2590
1739959600641 0.807960569858551 2600
1739959628132 0.7570370435714722 2610
1739959656066 0.7648096680641174 2620
1739959684087 0.9201877117156982 2630
1739959711882 0.8620303273200989 2640
1739959740325 0.7670960426330566 2650
1739959768618 0.7523072957992554 2660
1739959796999 0.8084831237792969 2670
1739959825375 0.7753998041152954 2680
1739959854457 0.7848007678985596 2690
1739959882600 0.8698676228523254 2700
1739959912521 0.8312883973121643 2710
1739959949713 0.75355064868927 2720
1739960007353 0.9712582230567932 2730
1739960095851 0.7892588973045349 2740
1739960183474 0.7884612083435059 2750
1739960267771 0.7235361337661743 2760
1739960368516 0.8561486005783081 2770
1739960458154 0.8219749927520752 2780
1739960545720 0.7789093255996704 2790
1739960644133 0.6708300113677979 2800
1739960673521 0.7735410928726196 2810
1739960703956 0.9010881781578064 2820
1739960734623 0.771450936794281 2830
1739960765947 0.768241822719574 2840
1739960797260 0.8090057373046875 2850
1739960829059 0.9300385117530823 2860
1739960861321 0.8091353178024292 2870
1739960894207 0.7666118741035461 2880
1739960926166 0.7782596349716187 2890
1739960958664 0.8740759491920471 2900
1739960990929 0.85947585105896 2910
1739961023891 0.7827596664428711 2920
1739961056670 0.7661174535751343 2930
1739961089491 0.8074260354042053 2940
1739961122983 0.7457294464111328 2950
1739961156167 0.8030828237533569 2960
1739961189825 0.7436476349830627 2970
1739961223770 0.7720961570739746 2980
1739961257695 0.8418902158737183 2990
1739961292194 0.8289890289306641 3000
1739961326940 0.820455014705658 3010
1739961363495 0.8317305445671082 3020
1739961398557 0.677390992641449 3030
1739961433735 0.7671460509300232 3040
1739961469170 0.7136715054512024 3050
1739961504709 0.916628360748291 3060
1739961540456 0.754648745059967 3070
1739961576692 0.7764038443565369 3080
1739961612957 0.7999411821365356 3090
1739961649750 0.7700760364532471 3100
1739961686445 0.8505647778511047 3110
1739961724963 0.8621518611907959 3120
1739961762204 0.6805915832519531 3130
1739961799394 0.8058657646179199 3140
1739961834988 0.8305608630180359 3150
1739961870181 0.9063019752502441 3160
1739961905725 0.8229491710662842 3170
1739961941651 0.8205166459083557 3180
1739961977874 0.8205351829528809 3190
1739962013716 0.7465792298316956 3200
1739962050207 0.7469573020935059 3210
1739962086806 0.8916891813278198 3220
1739962123352 0.6787174940109253 3230
1739962160480 0.7916748523712158 3240
1739962197309 0.7907294034957886 3250
1739962234518 0.6729721426963806 3260
1739962271950 0.9941888451576233 3270
1739962309780 0.8065521717071533 3280
1739962348245 0.8253281116485596 3290
1739962386535 0.8783919811248779 3300
1739962424707 0.757522702217102 3310
1739962463051 0.7215591073036194 3320
1739962501609 0.8029693365097046 3330
1739962540100 0.867028534412384 3340
1739962578941 0.7759338617324829 3350
1739962618013 0.9470586180686951 3360
1739962657404 0.7865741848945618 3370
1739962696750 0.8516879677772522 3380
1739962735825 0.7557224035263062 3390
1739962774417 0.8206611275672913 3400
1739962813308 0.8398028612136841 3410
1739962851968 0.9023359417915344 3420
1739962891199 0.8953446745872498 3430
1739962930806 0.80092453956604 3440
1739962970571 0.7812740802764893 3450
