1739952608790 0.0001995366348103099 10
1739952629982 0.0001990153489719085 20
1739952653031 0.00019843614248479582 30
1739952676053 0.00019785693599768317 40
1739952699889 0.00019727772951057054 50
1739952723872 0.00019669852302345788 60
1739952748356 0.0001961193165363452 70
1739952773508 0.00019554011004923257 80
1739952797860 0.00019496090356211992 90
1739952822831 0.00019438169707500724 100
1739952847896 0.00019380249058789458 110
1739952873339 0.00019322328410078195 120
1739952898340 0.00019264407761366927 130
1739952922982 0.00019206487112655661 140
1739952948308 0.00019148566463944399 150
1739952974116 0.00019090645815233133 160
1739952999719 0.00019032725166521865 170
1739953025122 0.000189748045178106 180
1739953050529 0.00018916883869099337 190
1739953076374 0.00018858963220388068 200
1739953102103 0.00018801042571676803 210
1739953128585 0.00018743121922965537 220
1739953153306 0.00018685201274254272 230
1739953178723 0.00018627280625543006 240
1739953206573 0.0001856935997683174 250
1739953235248 0.00018511439328120478 260
1739953263499 0.0001845351867940921 270
1739953291638 0.00018395598030697944 280
1739953319651 0.0001833767738198668 290
1739953347857 0.00018279756733275413 300
1739953376442 0.00018221836084564148 310
1739953404955 0.00018163915435852882 320
1739953433497 0.00018105994787141617 330
1739953462703 0.0001804807413843035 340
1739953491902 0.00017990153489719086 350
1739953521284 0.0001793223284100782 360
1739953550767 0.00017874312192296554 370
1739953580287 0.0001781639154358529 380
1739953610093 0.00017758470894874023 390
1739953639835 0.00017700550246162758 400
1739953669442 0.00017642629597451492 410
1739953699143 0.00017584708948740227 420
1739953729032 0.00017526788300028961 430
1739953759258 0.00017468867651317696 440
1739953789618 0.0001741094700260643 450
1739953819846 0.00017353026353895165 460
1739953850533 0.000172951057051839 470
1739953881336 0.00017237185056472634 480
1739953911960 0.00017179264407761368 490
1739953943133 0.000171213437590501 500
1739953973983 0.00017063423110338837 510
1739954005499 0.00017005502461627572 520
1739954036539 0.00016947581812916303 530
1739954068074 0.0001688966116420504 540
1739954099946 0.00016831740515493775 550
1739954131510 0.0001677381986678251 560
1739954162558 0.00016715899218071241 570
1739954193837 0.00016657978569359979 580
1739954225095 0.00016600057920648713 590
1739954256939 0.00016542137271937445 600
1739954288599 0.00016484216623226182 610
1739954320562 0.00016426295974514917 620
1739954352905 0.00016368375325803648 630
1739954385359 0.00016310454677092383 640
1739954418021 0.0001625253402838112 650
1739954450559 0.00016194613379669854 660
1739954483135 0.00016136692730958586 670
1739954516124 0.0001607877208224732 680
1739954550687 0.00016020851433536058 690
1739954585068 0.0001596293078482479 700
1739954618891 0.00015905010136113524 710
1739954652592 0.0001584708948740226 720
1739954686809 0.00015789168838690993 730
1739954721562 0.00015731248189979728 740
1739954756529 0.00015673327541268462 750
1739954791483 0.000156154068925572 760
1739954826456 0.0001555748624384593 770
1739954861980 0.00015499565595134665 780
1739954897441 0.00015441644946423403 790
1739954933218 0.00015383724297712134 800
1739954969319 0.0001532580364900087 810
1739955005346 0.00015267883000289603 820
1739955041639 0.00015209962351578338 830
1739955075769 0.00015152041702867072 840
1739955110408 0.00015094121054155807 850
1739955144985 0.0001503620040544454 860
1739955180118 0.00014978279756733276 870
1739955215702 0.0001492035910802201 880
1739955251220 0.00014862438459310745 890
1739955286737 0.0001480451781059948 900
1739955322316 0.00014746597161888214 910
1739955358184 0.00014688676513176948 920
1739955394015 0.00014630755864465683 930
1739955430314 0.00014572835215754417 940
1739955466749 0.00014514914567043152 950
1739955503452 0.00014456993918331886 960
1739955540701 0.0001439907326962062 970
1739955578005 0.00014341152620909355 980
1739955615080 0.0001428323197219809 990
1739955652183 0.00014225311323486824 1000
1739955689464 0.00014167390674775559 1010
1739955726558 0.00014109470026064293 1020
1739955764200 0.00014051549377353025 1030
1739955801884 0.00013993628728641762 1040
1739955825421 0.00013935708079930496 1050
1739955848219 0.0001387778743121923 1060
1739955874125 0.00013819866782507965 1070
1739955902100 0.000137619461337967 1080
1739955930256 0.00013704025485085434 1090
1739955958427 0.00013646104836374166 1100
1739955986766 0.00013588184187662903 1110
1739956015494 0.00013530263538951638 1120
1739956043683 0.0001347234289024037 1130
1739956071780 0.00013414422241529104 1140
1739956099423 0.0001335650159281784 1150
1739956126024 0.00013298580944106576 1160
1739956154506 0.00013240660295395308 1170
1739956182645 0.00013182739646684045 1180
1739956210858 0.0001312481899797278 1190
1739956238344 0.0001306689834926151 1200
1739956262304 0.00013008977700550245 1210
1739956285573 0.00012951057051838983 1220
1739956308920 0.00012893136403127714 1230
1739956332207 0.0001283521575441645 1240
1739956355989 0.00012777295105705186 1250
1739956379645 0.0001271937445699392 1260
1739956402946 0.00012661453808282652 1270
1739956426221 0.00012603533159571387 1280
1739956449827 0.00012545612510860124 1290
1739956473374 0.00012487691862148856 1300
1739956496942 0.0001242977121343759 1310
1739956520354 0.00012371850564726327 1320
1739956543639 0.0001231392991601506 1330
1739956566865 0.00012256009267303794 1340
1739956590034 0.0001219808861859253 1350
1739956613387 0.00012140167969881264 1360
1739956636646 0.00012082247321169997 1370
1739956659831 0.00012024326672458732 1380
1739956683131 0.00011966406023747467 1390
1739956706583 0.000119084853750362 1400
1739956730206 0.00011850564726324935 1410
1739956753323 0.00011792644077613671 1420
1739956776649 0.00011734723428902403 1430
1739956799943 0.00011676802780191138 1440
1739956823027 0.00011618882131479873 1450
1739956846407 0.00011560961482768609 1460
1739956869588 0.00011503040834057342 1470
1739956892897 0.00011445120185346076 1480
1739956916349 0.00011387199536634812 1490
1739956939575 0.00011329278887923544 1500
1739956963460 0.0001127135823921228 1510
1739956986910 0.00011213437590501014 1520
1739957010327 0.00011155516941789747 1530
1739957033671 0.00011097596293078483 1540
1739957056971 0.00011039675644367218 1550
1739957080307 0.00010981754995655952 1560
1739957103736 0.00010923834346944685 1570
1739957127017 0.00010865913698233421 1580
1739957150512 0.00010807993049522156 1590
1739957173713 0.00010750072400810889 1600
1739957197459 0.00010692151752099623 1610
1739957220927 0.00010634231103388359 1620
1739957244344 0.00010576310454677092 1630
1739957267595 0.00010518389805965827 1640
1739957290938 0.00010460469157254563 1650
1739957314350 0.00010402548508543297 1660
1739957337829 0.0001034462785983203 1670
1739957361237 0.00010286707211120765 1680
1739957384570 0.000102287865624095 1690
1739957407827 0.00010170865913698234 1700
1739957431512 0.00010112945264986968 1710
1739957455357 0.00010055024616275704 1720
1739957478394 9.997103967564437e-05 1730
1739957501730 9.939183318853172e-05 1740
1739957525092 9.881262670141906e-05 1750
1739957548185 9.82334202143064e-05 1760
1739957571624 9.765421372719375e-05 1770
1739957595098 9.70750072400811e-05 1780
1739957618299 9.649580075296844e-05 1790
1739957641683 9.591659426585578e-05 1800
1739957665224 9.533738777874313e-05 1810
1739957689189 9.475818129163046e-05 1820
1739957712491 9.417897480451782e-05 1830
1739957735632 9.359976831740515e-05 1840
1739957758839 9.302056183029251e-05 1850
1739957781939 9.244135534317985e-05 1860
1739957805334 9.186214885606718e-05 1870
1739957828600 9.128294236895454e-05 1880
1739957851982 9.070373588184187e-05 1890
1739957875283 9.012452939472923e-05 1900
1739957898716 8.954532290761656e-05 1910
1739957922462 8.896611642050391e-05 1920
1739957946033 8.838690993339125e-05 1930
1739957969217 8.78077034462786e-05 1940
1739957992626 8.722849695916596e-05 1950
1739958015712 8.664929047205329e-05 1960
1739958039303 8.607008398494063e-05 1970
1739958062600 8.549087749782798e-05 1980
1739958085937 8.491167101071532e-05 1990
1739958109323 8.433246452360267e-05 2000
1739958132687 8.375325803649001e-05 2010
1739958156614 8.317405154937736e-05 2020
1739958180559 8.25948450622647e-05 2030
1739958203900 8.201563857515205e-05 2040
1739958227230 8.143643208803939e-05 2050
1739958250431 8.085722560092674e-05 2060
1739958273918 8.027801911381407e-05 2070
1739958297303 7.969881262670143e-05 2080
1739958320615 7.911960613958877e-05 2090
1739958344030 7.854039965247611e-05 2100
1739958367522 7.796119316536346e-05 2110
1739958391173 7.738198667825079e-05 2120
1739958415055 7.680278019113815e-05 2130
1739958438407 7.622357370402548e-05 2140
1739958461656 7.564436721691284e-05 2150
1739958484958 7.506516072980017e-05 2160
1739958508447 7.448595424268751e-05 2170
1739958531899 7.390674775557487e-05 2180
1739958555124 7.33275412684622e-05 2190
1739958578405 7.274833478134956e-05 2200
1739958601837 7.21691282942369e-05 2210
1739958625166 7.158992180712424e-05 2220
1739958648919 7.101071532001158e-05 2230
1739958671817 7.043150883289893e-05 2240
1739958694640 6.985230234578627e-05 2250
1739958717430 6.927309585867362e-05 2260
1739958739906 6.869388937156096e-05 2270
1739958762549 6.811468288444831e-05 2280
1739958784952 6.753547639733565e-05 2290
1739958807470 6.6956269910223e-05 2300
1739958829821 6.637706342311034e-05 2310
1739958855774 6.579785693599769e-05 2320
1739958883401 6.521865044888503e-05 2330
1739958909970 6.463944396177238e-05 2340
1739958936034 6.406023747465972e-05 2350
1739958962680 6.348103098754707e-05 2360
1739958989207 6.29018245004344e-05 2370
1739959015660 6.232261801332176e-05 2380
1739959042267 6.17434115262091e-05 2390
1739959068880 6.116420503909645e-05 2400
1739959095253 6.0584998551983784e-05 2410
1739959122343 6.000579206487112e-05 2420
1739959148043 5.942658557775847e-05 2430
1739959174304 5.884737909064582e-05 2440
1739959200812 5.826817260353317e-05 2450
1739959227430 5.768896611642051e-05 2460
1739959253797 5.7109759629307846e-05 2470
1739959279674 5.65305531421952e-05 2480
1739959306090 5.5951346655082535e-05 2490
1739959332531 5.537214016796989e-05 2500
1739959359209 5.4792933680857225e-05 2510
1739959385421 5.421372719374457e-05 2520
1739959411181 5.363452070663192e-05 2530
1739959437562 5.305531421951926e-05 2540
1739959464028 5.247610773240661e-05 2550
1739959490787 5.189690124529395e-05 2560
1739959517396 5.131769475818129e-05 2570
1739959544888 5.073848827106864e-05 2580
1739959572408 5.015928178395598e-05 2590
1739959600641 4.958007529684333e-05 2600
1739959628132 4.900086880973067e-05 2610
1739959656066 4.842166232261802e-05 2620
1739959684087 4.784245583550536e-05 2630
1739959711882 4.72632493483927e-05 2640
1739959740325 4.6684042861280045e-05 2650
1739959768618 4.610483637416739e-05 2660
1739959796999 4.5525629887054735e-05 2670
1739959825375 4.4946423399942086e-05 2680
1739959854457 4.4367216912829425e-05 2690
1739959882600 4.378801042571677e-05 2700
1739959912521 4.3208803938604114e-05 2710
1739959949713 4.262959745149146e-05 2720
1739960007353 4.2050390964378804e-05 2730
1739960095851 4.147118447726614e-05 2740
1739960183474 4.089197799015349e-05 2750
1739960267771 4.031277150304084e-05 2760
1739960368516 3.973356501592818e-05 2770
1739960458154 3.915435852881553e-05 2780
1739960545720 3.8575152041702866e-05 2790
1739960644133 3.799594555459021e-05 2800
1739960673521 3.7416739067477555e-05 2810
1739960703956 3.68375325803649e-05 2820
1739960734623 3.6258326093252245e-05 2830
1739960765947 3.567911960613959e-05 2840
1739960797260 3.5099913119026935e-05 2850
1739960829059 3.452070663191428e-05 2860
1739960861321 3.3941500144801624e-05 2870
1739960894207 3.336229365768897e-05 2880
1739960926166 3.278308717057631e-05 2890
1739960958664 3.220388068346366e-05 2900
1739960990929 3.1624674196351003e-05 2910
1739961023891 3.104546770923835e-05 2920
1739961056670 3.0466261222125693e-05 2930
1739961089491 2.988705473501303e-05 2940
1739961122983 2.9307848247900376e-05 2950
1739961156167 2.872864176078772e-05 2960
1739961189825 2.814943527367507e-05 2970
1739961223770 2.7570228786562414e-05 2980
1739961257695 2.6991022299449752e-05 2990
1739961292194 2.64118158123371e-05 3000
1739961326940 2.5832609325224445e-05 3010
1739961363495 2.525340283811179e-05 3020
1739961398557 2.467419635099913e-05 3030
1739961433735 2.4094989863886476e-05 3040
1739961469170 2.351578337677382e-05 3050
1739961504709 2.2936576889661165e-05 3060
1739961540456 2.235737040254851e-05 3070
1739961576692 2.1778163915435855e-05 3080
1739961612957 2.11989574283232e-05 3090
1739961649750 2.061975094121054e-05 3100
1739961686445 2.0040544454097886e-05 3110
1739961724963 1.946133796698523e-05 3120
1739961762204 1.8882131479872576e-05 3130
1739961799394 1.830292499275992e-05 3140
1739961834988 1.7723718505647262e-05 3150
1739961870181 1.714451201853461e-05 3160
1739961905725 1.6565305531421955e-05 3170
1739961941651 1.5986099044309296e-05 3180
1739961977874 1.540689255719664e-05 3190
1739962013716 1.4827686070083984e-05 3200
1739962050207 1.424847958297133e-05 3210
1739962086806 1.3669273095858675e-05 3220
1739962123352 1.3090066608746019e-05 3230
1739962160480 1.2510860121633363e-05 3240
1739962197309 1.1931653634520708e-05 3250
1739962234518 1.1352447147408051e-05 3260
1739962271950 1.0773240660295396e-05 3270
1739962309780 1.019403417318274e-05 3280
1739962348245 9.614827686070084e-06 3290
1739962386535 9.035621198957429e-06 3300
1739962424707 8.456414711844774e-06 3310
1739962463051 7.877208224732117e-06 3320
1739962501609 7.2980017376194616e-06 3330
1739962540100 6.7187952505068055e-06 3340
1739962578941 6.13958876339415e-06 3350
1739962618013 5.560382276281494e-06 3360
1739962657404 4.981175789168839e-06 3370
1739962696750 4.401969302056183e-06 3380
1739962735825 3.822762814943528e-06 3390
1739962774417 3.243556327830872e-06 3400
1739962813308 2.664349840718216e-06 3410
1739962851968 2.0851433536055606e-06 3420
1739962891199 1.5059368664929047e-06 3430
1739962930806 9.26730379380249e-07 3440
1739962970571 3.475238922675934e-07 3450
