1739952608790 3.0277 10
1739952629982 1.9026 20
1739952653031 1.6827 30
1739952676053 1.5183 40
1739952699889 1.4047 50
1739952723872 1.3446 60
1739952748356 1.3124 70
1739952773508 1.3696 80
1739952797860 1.3946 90
1739952822831 1.289 100
1739952847896 1.3885 110
1739952873339 1.3198 120
1739952898340 1.3978 130
1739952922982 1.3107 140
1739952948308 1.2997 150
1739952974116 1.2916 160
1739952999719 1.3093 170
1739953025122 1.3 180
1739953050529 1.3388 190
1739953076374 1.2396 200
1739953102103 1.3645 210
1739953128585 1.1945 220
1739953153306 1.2875 230
1739953178723 1.2354 240
1739953206573 1.2879 250
1739953235248 1.2149 260
1739953263499 1.172 270
1739953291638 1.2716 280
1739953319651 1.2291 290
1739953347857 1.2361 300
1739953376442 1.1998 310
1739953404955 1.2413 320
1739953433497 1.1247 330
1739953462703 1.2857 340
1739953491902 1.2659 350
1739953521284 1.2005 360
1739953550767 1.2168 370
1739953580287 1.2717 380
1739953610093 1.1537 390
1739953639835 1.2402 400
1739953669442 1.1683 410
1739953699143 1.1489 420
1739953729032 1.204 430
1739953759258 1.0828 440
1739953789618 1.2357 450
1739953819846 1.2745 460
1739953850533 1.1537 470
1739953881336 1.2587 480
1739953911960 1.1443 490
1739953943133 1.0896 500
1739953973983 1.3517 510
1739954005499 1.2127 520
1739954036539 1.2081 530
1739954068074 1.1543 540
1739954099946 1.3022 550
1739954131510 1.2079 560
1739954162558 1.1801 570
1739954193837 1.1507 580
1739954225095 1.2554 590
1739954256939 1.2215 600
1739954288599 1.273 610
1739954320562 1.0755 620
1739954352905 1.1876 630
1739954385359 1.14 640
1739954418021 1.1954 650
1739954450559 1.2225 660
1739954483135 1.0458 670
1739954516124 1.0381 680
1739954550687 1.1633 690
1739954585068 1.1305 700
1739954618891 1.0735 710
1739954652592 1.0869 720
1739954686809 1.1455 730
1739954721562 1.1924 740
1739954756529 1.0883 750
1739954791483 1.1865 760
1739954826456 1.1585 770
1739954861980 1.1705 780
1739954897441 1.1018 790
1739954933218 1.2151 800
1739954969319 1.0933 810
1739955005346 1.0541 820
1739955041639 1.0849 830
1739955075769 1.097 840
1739955110408 1.1177 850
1739955144985 1.1077 860
1739955180118 1.1388 870
1739955215702 1.1225 880
1739955251220 1.1013 890
1739955286737 1.1334 900
1739955322316 1.0617 910
1739955358184 1.13 920
1739955394015 1.0373 930
1739955430314 1.1521 940
1739955466749 1.0844 950
1739955503452 1.1157 960
1739955540701 1.0843 970
1739955578005 1.1308 980
1739955615080 1.0119 990
1739955652183 1.0786 1000
1739955689464 1.0763 1010
1739955726558 1.2001 1020
1739955764200 1.0592 1030
1739955801884 1.0648 1040
1739955825421 1.0699 1050
1739955848219 1.0254 1060
1739955874125 1.1944 1070
1739955902100 1.0782 1080
1739955930256 1.0567 1090
1739955958427 1.1563 1100
1739955986766 1.0231 1110
1739956015494 1.1473 1120
1739956043683 1.0764 1130
1739956071780 1.1131 1140
1739956099423 1.1834 1150
1739956126024 1.0256 1160
1739956154506 1.0305 1170
1739956182645 1.0718 1180
1739956210858 1.1017 1190
1739956238344 0.9676 1200
1739956262304 1.0153 1210
1739956285573 1.1302 1220
1739956308920 0.9441 1230
1739956332207 1.0759 1240
1739956355989 0.9946 1250
1739956379645 1.1485 1260
1739956402946 1.0292 1270
1739956426221 1.1484 1280
1739956449827 1.0408 1290
1739956473374 1.1329 1300
1739956496942 1.1758 1310
1739956520354 1.0619 1320
1739956543639 1.1249 1330
1739956566865 1.0516 1340
1739956590034 0.9176 1350
1739956613387 1.0549 1360
1739956636646 1.0539 1370
1739956659831 1.0287 1380
1739956683131 1.0215 1390
1739956706583 1.1063 1400
1739956730206 1.0075 1410
1739956753323 1.0864 1420
1739956776649 1.0481 1430
1739956799943 1.0466 1440
1739956823027 1.0787 1450
1739956846407 0.988 1460
1739956869588 0.9822 1470
1739956892897 0.9928 1480
1739956916349 1.0529 1490
1739956939575 1.1111 1500
1739956963460 1.0153 1510
1739956986910 1.0193 1520
1739957010327 1.0076 1530
1739957033671 1.0766 1540
1739957056971 1.0117 1550
1739957080307 1.1035 1560
1739957103736 0.9505 1570
1739957127017 1.0953 1580
1739957150512 0.9793 1590
1739957173713 1.0175 1600
1739957197459 0.9821 1610
1739957220927 1.0728 1620
1739957244344 1.0224 1630
1739957267595 1.0317 1640
1739957290938 0.9576 1650
1739957314350 0.923 1660
1739957337829 1.0031 1670
1739957361237 1.0837 1680
1739957384570 0.9991 1690
1739957407827 0.9349 1700
1739957431512 0.9759 1710
1739957455357 1.0235 1720
1739957478394 1.0241 1730
1739957501730 1.0892 1740
1739957525092 0.9901 1750
1739957548185 0.9493 1760
1739957571624 1.0568 1770
1739957595098 0.9973 1780
1739957618299 0.9458 1790
1739957641683 1.065 1800
1739957665224 0.8978 1810
1739957689189 0.9313 1820
1739957712491 1.0165 1830
1739957735632 0.9573 1840
1739957758839 1.0287 1850
1739957781939 1.0447 1860
1739957805334 0.9654 1870
1739957828600 1.0336 1880
1739957851982 0.9367 1890
1739957875283 1.0419 1900
1739957898716 1.0007 1910
1739957922462 0.9575 1920
1739957946033 0.9116 1930
1739957969217 0.9716 1940
1739957992626 0.9669 1950
1739958015712 0.9936 1960
1739958039303 0.951 1970
1739958062600 1.0121 1980
1739958085937 1.0481 1990
1739958109323 0.9761 2000
1739958132687 1.0247 2010
1739958156614 0.9289 2020
1739958180559 0.993 2030
1739958203900 1.0612 2040
1739958227230 0.9713 2050
1739958250431 0.8998 2060
1739958273918 0.9925 2070
1739958297303 1.0417 2080
1739958320615 1.0272 2090
1739958344030 0.8875 2100
1739958367522 0.9767 2110
1739958391173 1.0008 2120
1739958415055 0.9531 2130
1739958438407 0.9696 2140
1739958461656 1.0489 2150
1739958484958 1.012 2160
1739958508447 0.9308 2170
1739958531899 0.9767 2180
1739958555124 0.935 2190
1739958578405 1.0181 2200
1739958601837 1.0594 2210
1739958625166 0.9291 2220
1739958648919 1.0443 2230
1739958671817 0.9774 2240
1739958694640 1.0407 2250
1739958717430 1.0049 2260
1739958739906 1.0158 2270
1739958762549 1.0942 2280
1739958784952 0.9927 2290
1739958807470 1.0489 2300
1739958829821 0.8947 2310
1739958855774 1.0339 2320
1739958883401 0.9401 2330
1739958909970 0.8622 2340
1739958936034 0.9864 2350
1739958962680 0.9321 2360
1739958989207 1.0608 2370
1739959015660 0.9769 2380
1739959042267 0.9474 2390
1739959068880 0.9941 2400
1739959095253 0.8716 2410
1739959122343 0.8959 2420
1739959148043 0.9649 2430
1739959174304 0.9287 2440
1739959200812 0.9638 2450
1739959227430 0.9484 2460
1739959253797 0.9128 2470
1739959279674 0.9104 2480
1739959306090 0.9754 2490
1739959332531 0.9125 2500
1739959359209 0.9229 2510
1739959385421 0.9621 2520
1739959411181 0.96 2530
1739959437562 0.9584 2540
1739959464028 0.9554 2550
1739959490787 0.9687 2560
1739959517396 0.9663 2570
1739959544888 1.0023 2580
1739959572408 0.9011 2590
1739959600641 0.9776 2600
1739959628132 0.9855 2610
1739959656066 0.9858 2620
1739959684087 0.9428 2630
1739959711882 0.9409 2640
1739959740325 0.8806 2650
1739959768618 0.8327 2660
1739959796999 0.9519 2670
1739959825375 1.0535 2680
1739959854457 0.8457 2690
1739959882600 0.9802 2700
1739959912521 0.9534 2710
1739959949713 0.9343 2720
1739960007353 0.9676 2730
1739960095851 1.0196 2740
1739960183474 0.9961 2750
1739960267771 0.9893 2760
1739960368516 0.9874 2770
1739960458154 0.8936 2780
1739960545720 0.8782 2790
1739960644133 0.9538 2800
1739960673521 0.9842 2810
1739960703956 0.9212 2820
1739960734623 0.928 2830
1739960765947 0.9939 2840
1739960797260 0.8971 2850
1739960829059 0.8647 2860
1739960861321 1.0195 2870
1739960894207 0.9216 2880
1739960926166 0.9744 2890
1739960958664 0.945 2900
1739960990929 1.034 2910
1739961023891 0.8795 2920
1739961056670 0.91 2930
1739961089491 0.9101 2940
1739961122983 0.8485 2950
1739961156167 0.9136 2960
1739961189825 0.9905 2970
1739961223770 0.9121 2980
1739961257695 0.9885 2990
1739961292194 0.9638 3000
1739961326940 0.9919 3010
1739961363495 0.9088 3020
1739961398557 0.9081 3030
1739961433735 0.9056 3040
1739961469170 0.8889 3050
1739961504709 0.9453 3060
1739961540456 0.8759 3070
1739961576692 0.9142 3080
1739961612957 0.875 3090
1739961649750 0.9318 3100
1739961686445 1.0191 3110
1739961724963 0.8823 3120
1739961762204 0.8327 3130
1739961799394 0.9634 3140
1739961834988 0.8802 3150
1739961870181 0.9741 3160
1739961905725 1.0122 3170
1739961941651 0.8733 3180
1739961977874 0.9117 3190
1739962013716 0.8873 3200
1739962050207 0.9942 3210
1739962086806 0.9125 3220
1739962123352 1.0255 3230
1739962160480 0.9207 3240
1739962197309 1.0213 3250
1739962234518 0.9061 3260
1739962271950 0.9785 3270
1739962309780 0.9643 3280
1739962348245 0.9751 3290
1739962386535 0.9777 3300
1739962424707 0.9796 3310
1739962463051 0.8258 3320
1739962501609 0.8758 3330
1739962540100 0.956 3340
1739962578941 0.8603 3350
1739962618013 1.0046 3360
1739962657404 0.9744 3370
1739962696750 0.9986 3380
1739962735825 0.9464 3390
1739962774417 0.9647 3400
1739962813308 0.9456 3410
1739962851968 0.9472 3420
1739962891199 0.9292 3430
1739962930806 0.9138 3440
1739962970571 0.9606 3450
