1740012260953 0.006277463904582548 10
1740012293475 0.012554927809165096 20
1740012326590 0.018832391713747645 30
1740012359832 0.025109855618330193 40
1740012394102 0.031387319522912745 50
1740012428957 0.03766478342749529 60
1740012465125 0.04394224733207784 70
1740012502125 0.050219711236660386 80
1740012541187 0.05649717514124294 90
1740012572595 0.06277463904582549 100
1740012594532 0.06905210295040803 110
1740012620077 0.07532956685499058 120
1740012647638 0.08160703075957314 130
1740012675310 0.08788449466415568 140
1740012703390 0.09416195856873823 150
1740012730860 0.10043942247332077 160
1740012757168 0.10671688637790333 170
1740012780318 0.11299435028248588 180
1740012803540 0.11927181418706842 190
1740012826896 0.12554927809165098 200
1740012850201 0.1318267419962335 210
1740012873471 0.13810420590081607 220
1740012896926 0.14438166980539863 230
1740012919976 0.15065913370998116 240
1740012943451 0.15693659761456372 250
1740012966707 0.16321406151914628 260
1740012989889 0.1694915254237288 270
1740013013195 0.17576898932831136 280
1740013036457 0.18204645323289392 290
1740013059854 0.18832391713747645 300
1740013083262 0.194601381042059 310
1740013106549 0.20087884494664154 320
1740013130076 0.2071563088512241 330
1740013153384 0.21343377275580666 340
1740013176773 0.2197112366603892 350
1740013200181 0.22598870056497175 360
1740013223608 0.2322661644695543 370
1740013246988 0.23854362837413684 380
1740013270562 0.2448210922787194 390
1740013293984 0.25109855618330196 400
1740013317528 0.2573760200878845 410
1740013340909 0.263653483992467 420
1740013364630 0.2699309478970496 430
1740013388210 0.27620841180163214 440
1740013411834 0.2824858757062147 450
1740013435348 0.28876333961079725 460
1740013458823 0.2950408035153798 470
1740013482103 0.3013182674199623 480
1740013505628 0.3075957313245449 490
1740013529079 0.31387319522912743 500
1740013552641 0.32015065913371 510
1740013576292 0.32642812303829255 520
1740013599919 0.33270558694287505 530
1740013623368 0.3389830508474576 540
1740013646711 0.34526051475204017 550
1740013670329 0.35153797865662273 560
1740013693914 0.3578154425612053 570
1740013717288 0.36409290646578785 580
1740013740559 0.37037037037037035 590
1740013764175 0.3766478342749529 600
1740013787763 0.38292529817953547 610
1740013811382 0.389202762084118 620
1740013835079 0.3954802259887006 630
1740013858823 0.4017576898932831 640
1740013882153 0.40803515379786565 650
1740013905799 0.4143126177024482 660
1740013929358 0.42059008160703076 670
1740013952918 0.4268675455116133 680
1740013976155 0.4331450094161959 690
1740013999600 0.4394224733207784 700
1740014023298 0.44569993722536094 710
1740014046849 0.4519774011299435 720
1740014070317 0.45825486503452606 730
1740014094139 0.4645323289391086 740
1740014117644 0.4708097928436911 750
1740014141254 0.4770872567482737 760
1740014164968 0.48336472065285624 770
1740014188455 0.4896421845574388 780
1740014212066 0.49591964846202136 790
1740014235558 0.5021971123666039 800
1740014259169 0.5084745762711864 810
1740014282682 0.514752040175769 820
1740014306155 0.5210295040803515 830
1740014329800 0.527306967984934 840
1740014353498 0.5335844318895167 850
1740014377149 0.5398618957940992 860
1740014400877 0.5461393596986818 870
1740014424511 0.5524168236032643 880
1740014448162 0.5586942875078468 890
1740014471701 0.5649717514124294 900
1740014495243 0.5712492153170119 910
1740014518652 0.5775266792215945 920
1740014542059 0.583804143126177 930
1740014565434 0.5900816070307596 940
1740014588807 0.5963590709353421 950
1740014612309 0.6026365348399246 960
1740014636031 0.6089139987445072 970
1740014659305 0.6151914626490897 980
1740014682700 0.6214689265536724 990
1740014706066 0.6277463904582549 1000
1740014729589 0.6340238543628374 1010
1740014753296 0.64030131826742 1020
1740014776777 0.6465787821720025 1030
1740014800434 0.6528562460765851 1040
1740014824171 0.6591337099811676 1050
1740014847734 0.6654111738857501 1060
1740014871443 0.6716886377903327 1070
1740014894884 0.6779661016949152 1080
1740014918478 0.6842435655994978 1090
1740014942066 0.6905210295040803 1100
1740014965542 0.696798493408663 1110
1740014989259 0.7030759573132455 1120
1740015012732 0.709353421217828 1130
1740015036120 0.7156308851224106 1140
1740015059775 0.7219083490269931 1150
1740015083318 0.7281858129315757 1160
1740015106990 0.7344632768361582 1170
1740015130537 0.7407407407407407 1180
1740015153882 0.7470182046453233 1190
1740015177338 0.7532956685499058 1200
1740015200671 0.7595731324544884 1210
1740015224419 0.7658505963590709 1220
1740015248047 0.7721280602636534 1230
1740015271489 0.778405524168236 1240
1740015295062 0.7846829880728186 1250
1740015318540 0.7909604519774012 1260
1740015342140 0.7972379158819837 1270
1740015365770 0.8035153797865662 1280
1740015389294 0.8097928436911488 1290
1740015412816 0.8160703075957313 1300
1740015436437 0.8223477715003139 1310
1740015460155 0.8286252354048964 1320
1740015483771 0.834902699309479 1330
1740015507294 0.8411801632140615 1340
1740015530865 0.847457627118644 1350
1740015554530 0.8537350910232266 1360
1740015578251 0.8600125549278091 1370
1740015601961 0.8662900188323918 1380
1740015625586 0.8725674827369743 1390
1740015649144 0.8788449466415568 1400
1740015672746 0.8851224105461394 1410
1740015696457 0.8913998744507219 1420
1740015720249 0.8976773383553045 1430
1740015743783 0.903954802259887 1440
1740015767629 0.9102322661644695 1450
1740015791249 0.9165097300690521 1460
1740015816951 0.9227871939736346 1470
1740015845543 0.9290646578782172 1480
1740015873911 0.9353421217827997 1490
1740015902159 0.9416195856873822 1500
1740015930551 0.9478970495919649 1510
1740015958773 0.9541745134965474 1520
1740015987163 0.96045197740113 1530
1740016015208 0.9667294413057125 1540
1740016043622 0.9730069052102951 1550
1740016072049 0.9792843691148776 1560
1740016100402 0.9855618330194601 1570
1740016128995 0.9918392969240427 1580
1740016157559 0.9981167608286252 1590
1740016188061 1.0043942247332078 1600
1740016216789 1.0106716886377902 1610
1740016245492 1.0169491525423728 1620
1740016274502 1.0232266164469555 1630
1740016303764 1.029504080351538 1640
1740016332880 1.0357815442561205 1650
1740016362601 1.042059008160703 1660
1740016392435 1.0483364720652857 1670
1740016422544 1.054613935969868 1680
1740016452957 1.0608913998744507 1690
1740016483675 1.0671688637790333 1700
1740016514955 1.073446327683616 1710
1740016546251 1.0797237915881983 1720
1740016577907 1.086001255492781 1730
1740016609315 1.0922787193973635 1740
1740016640051 1.098556183301946 1750
1740016671186 1.1048336472065285 1760
1740016701580 1.1111111111111112 1770
1740016731597 1.1173885750156938 1780
1740016762409 1.1236660389202762 1790
1740016792973 1.1299435028248588 1800
1740016823917 1.1362209667294414 1810
1740016855238 1.1424984306340238 1820
1740016887170 1.1487758945386064 1830
1740016919257 1.155053358443189 1840
1740016951838 1.1613308223477714 1850
1740016984776 1.167608286252354 1860
1740017018143 1.1738857501569366 1870
1740017051889 1.180163214061519 1880
1740017085825 1.1864406779661016 1890
1740017119865 1.1927181418706843 1900
1740017153897 1.1989956057752669 1910
1740017188145 1.2052730696798493 1920
1740017222591 1.2115505335844319 1930
1740017257434 1.2178279974890145 1940
1740017291797 1.2241054613935969 1950
1740017326485 1.2303829252981795 1960
1740017360948 1.2366603892027621 1970
1740017395149 1.2429378531073447 1980
1740017430133 1.2492153170119271 1990
1740017465440 1.2554927809165097 2000
1740017501048 1.2617702448210923 2010
1740017536743 1.2680477087256747 2020
1740017573208 1.2743251726302574 2030
1740017610692 1.28060263653484 2040
1740017645589 1.2868801004394226 2050
1740017680379 1.293157564344005 2060
1740017715424 1.2994350282485876 2070
1740017751166 1.3057124921531702 2080
1740017786108 1.3119899560577526 2090
1740017822001 1.3182674199623352 2100
1740017858143 1.3245448838669178 2110
1740017893986 1.3308223477715004 2120
1740017929623 1.3370998116760828 2130
1740017965778 1.3433772755806654 2140
1740018002568 1.3496547394852478 2150
1740018039399 1.3559322033898304 2160
1740018076609 1.362209667294413 2170
1740018113794 1.3684871311989957 2180
1740018150897 1.3747645951035783 2190
1740018188137 1.3810420590081607 2200
1740018225874 1.3873195229127433 2210
1740018263746 1.3935969868173257 2220
1740018301875 1.3998744507219083 2230
1740018339968 1.406151914626491 2240
1740018378414 1.4124293785310735 2250
1740018416632 1.418706842435656 2260
1740018455513 1.4249843063402385 2270
1740018494105 1.4312617702448212 2280
1740018533128 1.4375392341494035 2290
1740018570501 1.4438166980539862 2300
1740018607920 1.4500941619585688 2310
1740018645528 1.4563716258631514 2320
1740018683653 1.4626490897677338 2330
1740018721322 1.4689265536723164 2340
1740018758752 1.475204017576899 2350
1740018796431 1.4814814814814814 2360
1740018835019 1.487758945386064 2370
1740018873656 1.4940364092906466 2380
1740018912406 1.5003138731952292 2390
1740018951672 1.5065913370998116 2400
1740018990430 1.5128688010043942 2410
1740019029861 1.5191462649089766 2420
1740019069246 1.5254237288135593 2430
1740019109152 1.5317011927181419 2440
1740019148896 1.5379786566227245 2450
1740019189388 1.544256120527307 2460
1740019229775 1.5505335844318895 2470
1740019269838 1.556811048336472 2480
1740019310340 1.5630885122410545 2490
1740019349986 1.569365976145637 2500
1740019390863 1.5756434400502197 2510
1740019433950 1.5819209039548023 2520
1740019466984 1.588198367859385 2530
1740019491353 1.5944758317639673 2540
1740019519722 1.60075329566855 2550
1740019550075 1.6070307595731324 2560
1740019580464 1.613308223477715 2570
1740019610688 1.6195856873822976 2580
1740019641171 1.6258631512868802 2590
1740019671687 1.6321406151914628 2600
1740019700620 1.6384180790960452 2610
1740019726790 1.6446955430006276 2620
1740019752912 1.6509730069052102 2630
1740019779347 1.6572504708097928 2640
1740019805678 1.6635279347143754 2650
1740019832198 1.669805398618958 2660
1740019858741 1.6760828625235404 2670
1740019885050 1.682360326428123 2680
1740019911313 1.6886377903327054 2690
1740019937883 1.694915254237288 2700
1740019964054 1.7011927181418707 2710
1740019990487 1.7074701820464533 2720
1740020016890 1.713747645951036 2730
1740020043230 1.7200251098556183 2740
1740020069354 1.726302573760201 2750
1740020095592 1.7325800376647833 2760
1740020121559 1.738857501569366 2770
1740020147604 1.7451349654739485 2780
1740020173730 1.7514124293785311 2790
1740020199573 1.7576898932831138 2800
1740020225893 1.7639673571876961 2810
1740020252153 1.7702448210922788 2820
1740020278316 1.7765222849968612 2830
1740020304495 1.7827997489014438 2840
1740020330562 1.7890772128060264 2850
1740020356760 1.795354676710609 2860
1740020382930 1.8016321406151916 2870
1740020409054 1.807909604519774 2880
1740020435071 1.8141870684243564 2890
1740020461096 1.820464532328939 2900
1740020487701 1.8267419962335216 2910
1740020513868 1.8330194601381042 2920
1740020539782 1.8392969240426869 2930
1740020565736 1.8455743879472695 2940
1740020591834 1.8518518518518519 2950
1740020617941 1.8581293157564343 2960
1740020644263 1.8644067796610169 2970
1740020674419 1.8706842435655995 2980
1740020703239 1.876961707470182 2990
1740020731936 1.8832391713747647 3000
1740020758333 1.889516635279347 3010
1740020784496 1.8957940991839297 3020
1740020810762 1.902071563088512 3030
1740020836917 1.9083490269930947 3040
1740020862990 1.9146264908976773 3050
1740020888950 1.92090395480226 3060
1740020914922 1.9271814187068426 3070
1740020940987 1.933458882611425 3080
1740020967026 1.9397363465160076 3090
1740020993299 1.94601381042059 3100
1740021019537 1.9522912743251726 3110
1740021045603 1.9585687382297552 3120
1740021071692 1.9648462021343378 3130
1740021097662 1.9711236660389204 3140
1740021123542 1.9774011299435028 3150
1740021149421 1.9836785938480854 3160
1740021175537 1.9899560577526678 3170
1740021201536 1.9962335216572504 3180
1740021228256 2.002510985561833 3190
1740021254442 2.0087884494664157 3200
1740021280536 2.0150659133709983 3210
1740021306660 2.0213433772755804 3220
1740021332735 2.027620841180163 3230
1740021358830 2.0338983050847457 3240
1740021385016 2.0401757689893283 3250
1740021411001 2.046453232893911 3260
1740021437208 2.0527306967984935 3270
1740021463404 2.059008160703076 3280
1740021489481 2.0652856246076583 3290
1740021515333 2.071563088512241 3300
1740021541454 2.0778405524168235 3310
1740021567336 2.084118016321406 3320
1740021593289 2.0903954802259888 3330
1740021619017 2.0966729441305714 3340
1740021644620 2.102950408035154 3350
1740021670513 2.109227871939736 3360
1740021696652 2.1155053358443188 3370
1740021722643 2.1217827997489014 3380
1740021748469 2.128060263653484 3390
1740021774599 2.1343377275580666 3400
1740021800662 2.1406151914626492 3410
1740021826560 2.146892655367232 3420
1740021852459 2.153170119271814 3430
1740021878268 2.1594475831763966 3440
1740021903971 2.1657250470809792 3450
1740021929868 2.172002510985562 3460
1740021956145 2.1782799748901445 3470
1740021982196 2.184557438794727 3480
1740022008066 2.1908349026993097 3490
1740022034083 2.197112366603892 3500
1740022060060 2.2033898305084745 3510
1740022086439 2.209667294413057 3520
1740022112463 2.2159447583176397 3530
1740022137994 2.2222222222222223 3540
1740022164183 2.228499686126805 3550
1740022190254 2.2347771500313875 3560
1740022216384 2.2410546139359697 3570
1740022242511 2.2473320778405523 3580
1740022268488 2.253609541745135 3590
1740022294574 2.2598870056497176 3600
1740022320557 2.2661644695543 3610
1740022346629 2.272441933458883 3620
1740022372404 2.2787193973634654 3630
1740022398531 2.2849968612680476 3640
1740022424743 2.29127432517263 3650
1740022450911 2.297551789077213 3660
1740022476963 2.3038292529817954 3670
1740022502916 2.310106716886378 3680
1740022528864 2.3163841807909606 3690
1740022554880 2.322661644695543 3700
1740022580666 2.3289391086001254 3710
1740022606628 2.335216572504708 3720
1740022632615 2.3414940364092907 3730
1740022658781 2.3477715003138733 3740
1740022685072 2.354048964218456 3750
1740022711145 2.360326428123038 3760
1740022736905 2.3666038920276207 3770
1740022763031 2.3728813559322033 3780
1740022789114 2.379158819836786 3790
1740022815159 2.3854362837413685 3800
1740022841151 2.391713747645951 3810
1740022867314 2.3979912115505337 3820
1740022893306 2.404268675455116 3830
1740022919517 2.4105461393596985 3840
1740022945604 2.416823603264281 3850
1740022971610 2.4231010671688638 3860
1740022997618 2.4293785310734464 3870
1740023023740 2.435655994978029 3880
1740023049772 2.4419334588826116 3890
1740023075867 2.4482109227871938 3900
1740023101739 2.4544883866917764 3910
1740023127847 2.460765850596359 3920
1740023154108 2.4670433145009416 3930
1740023180227 2.4733207784055242 3940
1740023206430 2.479598242310107 3950
1740023232514 2.4858757062146895 3960
1740023258544 2.4921531701192716 3970
1740023284548 2.4984306340238542 3980
1740023310505 2.504708097928437 3990
1740023336396 2.5109855618330195 4000
1740023362659 2.517263025737602 4010
1740023388832 2.5235404896421847 4020
1740023414859 2.5298179535467673 4030
1740023441223 2.5360954174513495 4040
1740023467323 2.542372881355932 4050
1740023493318 2.5486503452605147 4060
1740023519414 2.5549278091650973 4070
1740023545544 2.56120527306968 4080
1740023571510 2.5674827369742625 4090
1740023597684 2.573760200878845 4100
1740023623834 2.5800376647834273 4110
1740023649913 2.58631512868801 4120
1740023676003 2.5925925925925926 4130
1740023702189 2.598870056497175 4140
1740023728242 2.605147520401758 4150
1740023754128 2.6114249843063404 4160
1740023780038 2.617702448210923 4170
1740023805853 2.623979912115505 4180
1740023831521 2.630257376020088 4190
1740023857259 2.6365348399246704 4200
1740023881757 2.642812303829253 4210
1740023905788 2.6490897677338356 4220
1740023930900 2.655367231638418 4230
1740023953862 2.661644695543001 4240
1740023977099 2.667922159447583 4250
1740024000100 2.6741996233521657 4260
1740024022820 2.6804770872567483 4270
1740024045667 2.686754551161331 4280
1740024068483 2.6930320150659135 4290
1740024091548 2.6993094789704957 4300
1740024114547 2.7055869428750787 4310
1740024137477 2.711864406779661 4320
1740024160374 2.7181418706842435 4330
1740024183148 2.724419334588826 4340
1740024206120 2.7306967984934087 4350
1740024229376 2.7369742623979914 4360
1740024252307 2.7432517263025735 4370
1740024275078 2.7495291902071566 4380
1740024297776 2.7558066541117388 4390
1740024320628 2.7620841180163214 4400
1740024343595 2.768361581920904 4410
1740024366491 2.7746390458254866 4420
1740024389351 2.780916509730069 4430
1740024412179 2.7871939736346514 4440
1740024434842 2.793471437539234 4450
1740024457705 2.7997489014438166 4460
1740024480559 2.806026365348399 4470
1740024503349 2.812303829252982 4480
1740024525935 2.8185812931575644 4490
1740024549790 2.824858757062147 4500
1740024576049 2.8311362209667292 4510
1740024601637 2.837413684871312 4520
1740024627062 2.8436911487758945 4530
1740024652786 2.849968612680477 4540
1740024678208 2.8562460765850597 4550
1740024703668 2.8625235404896423 4560
1740024729433 2.868801004394225 4570
1740024754779 2.875078468298807 4580
1740024780340 2.8813559322033897 4590
1740024805946 2.8876333961079723 4600
1740024831458 2.893910860012555 4610
1740024856958 2.9001883239171375 4620
1740024882520 2.90646578782172 4630
1740024908896 2.9127432517263028 4640
1740024936266 2.919020715630885 4650
1740024963491 2.9252981795354676 4660
1740024991238 2.93157564344005 4670
1740025019115 2.937853107344633 4680
1740025047449 2.9441305712492154 4690
1740025075643 2.950408035153798 4700
1740025103976 2.9566854990583806 4710
1740025132693 2.962962962962963 4720
1740025160609 2.9692404268675454 4730
1740025189258 2.975517890772128 4740
1740025217080 2.9817953546767106 4750
1740025244358 2.9880728185812933 4760
1740025272321 2.994350282485876 4770
1740025298399 3.0 4779
