1740012260953 0.932168185710907 10
1740012293475 0.7231044173240662 20
1740012326590 0.7482074499130249 30
1740012359832 0.6125890612602234 40
1740012394102 0.5538865923881531 50
1740012428957 0.49625977873802185 60
1740012465125 0.4827761650085449 70
1740012502125 0.4940015971660614 80
1740012541187 0.5945996642112732 90
1740012572595 0.553776741027832 100
1740012594532 0.5640967488288879 110
1740012620077 0.5838500261306763 120
1740012647638 0.4767564833164215 130
1740012675310 0.5223031044006348 140
1740012703390 0.5819492936134338 150
1740012730860 0.5224732756614685 160
1740012757168 0.5602819323539734 170
1740012780318 0.5439789891242981 180
1740012803540 0.5691562294960022 190
1740012826896 0.5623987913131714 200
1740012850201 0.4990025758743286 210
1740012873471 0.5869375467300415 220
1740012896926 0.7071928977966309 230
1740012919976 0.5487568974494934 240
1740012943451 0.5254260897636414 250
1740012966707 0.6355239748954773 260
1740012989889 0.6866852045059204 270
1740013013195 0.5490036010742188 280
1740013036457 0.606478750705719 290
1740013059854 0.5532550811767578 300
1740013083262 0.5585848093032837 310
1740013106549 0.5987712144851685 320
1740013130076 0.5747607946395874 330
1740013153384 0.5857958793640137 340
1740013176773 0.6156118512153625 350
1740013200181 0.529983401298523 360
1740013223608 0.6434121131896973 370
1740013246988 0.6037746071815491 380
1740013270562 0.5821081399917603 390
1740013293984 0.6177308559417725 400
1740013317528 0.6003419756889343 410
1740013340909 0.5575363636016846 420
1740013364630 0.6556302309036255 430
1740013388210 0.5866472125053406 440
1740013411834 0.5813003778457642 450
1740013435348 0.5293742418289185 460
1740013458823 0.5999680161476135 470
1740013482103 0.6984972357749939 480
1740013505628 0.5807093381881714 490
1740013529079 0.6095670461654663 500
1740013552641 0.6176935434341431 510
1740013576292 0.6117128133773804 520
1740013599919 0.5836730003356934 530
1740013623368 0.6919256448745728 540
1740013646711 0.6048715710639954 550
1740013670329 0.6428632736206055 560
1740013693914 0.5968446135520935 570
1740013717288 0.6082137823104858 580
1740013740559 0.658845067024231 590
1740013764175 0.5680555105209351 600
1740013787763 0.6168239116668701 610
1740013811382 0.6627384424209595 620
1740013835079 0.6467877626419067 630
1740013858823 0.5411285758018494 640
1740013882153 0.6716124415397644 650
1740013905799 0.750100314617157 660
1740013929358 0.6240184307098389 670
1740013952918 0.7163110971450806 680
1740013976155 0.6634250283241272 690
1740013999600 0.5920068621635437 700
1740014023298 0.685039758682251 710
1740014046849 0.618159294128418 720
1740014070317 0.6547849774360657 730
1740014094139 0.5844735503196716 740
1740014117644 0.6468414664268494 750
1740014141254 0.6308430433273315 760
1740014164968 0.6815651655197144 770
1740014188455 0.5753756165504456 780
1740014212066 0.51607745885849 790
1740014235558 0.5711470246315002 800
1740014259169 0.5754309892654419 810
1740014282682 0.6652283072471619 820
1740014306155 0.6516441702842712 830
1740014329800 0.670681893825531 840
1740014353498 0.6143217086791992 850
1740014377149 0.6466380953788757 860
1740014400877 0.7308236360549927 870
1740014424511 0.6125099658966064 880
1740014448162 0.676082193851471 890
1740014471701 0.5871046781539917 900
1740014495243 0.635615885257721 910
1740014518652 0.6593565344810486 920
1740014542059 0.6341730356216431 930
1740014565434 0.6925804615020752 940
1740014588807 0.6672784686088562 950
1740014612309 0.6547020673751831 960
1740014636031 0.6606735587120056 970
1740014659305 0.6772971749305725 980
1740014682700 0.6363801956176758 990
1740014706066 0.6266388297080994 1000
1740014729589 0.6218175888061523 1010
1740014753296 0.5792235732078552 1020
1740014776777 0.6294731497764587 1030
1740014800434 0.7403737902641296 1040
1740014824171 0.6450133919715881 1050
1740014847734 0.7045389413833618 1060
1740014871443 0.6846441626548767 1070
1740014894884 0.7629581093788147 1080
1740014918478 0.59344482421875 1090
1740014942066 0.7283827662467957 1100
1740014965542 0.6444827914237976 1110
1740014989259 0.6085330843925476 1120
1740015012732 0.6553382277488708 1130
1740015036120 0.7848677635192871 1140
1740015059775 0.7708779573440552 1150
1740015083318 0.7204033136367798 1160
1740015106990 0.7171818017959595 1170
1740015130537 0.6792163252830505 1180
1740015153882 0.7011916041374207 1190
1740015177338 0.771087110042572 1200
1740015200671 0.7213941216468811 1210
1740015224419 0.7402423620223999 1220
1740015248047 0.7291733622550964 1230
1740015271489 0.6595091223716736 1240
1740015295062 0.7239333987236023 1250
1740015318540 0.6787055730819702 1260
1740015342140 0.6657481789588928 1270
1740015365770 0.6373681426048279 1280
1740015389294 0.7223085761070251 1290
1740015412816 0.7469496130943298 1300
1740015436437 0.7159574627876282 1310
1740015460155 0.644140362739563 1320
1740015483771 0.7259247899055481 1330
1740015507294 0.6653093099594116 1340
1740015530865 0.7973365187644958 1350
1740015554530 0.6979200839996338 1360
1740015578251 0.6326670050621033 1370
1740015601961 0.625702440738678 1380
1740015625586 0.6416098475456238 1390
1740015649144 0.7704829573631287 1400
1740015672746 0.7153869271278381 1410
1740015696457 0.6864328980445862 1420
1740015720249 0.654288649559021 1430
1740015743783 0.7491419315338135 1440
1740015767629 0.6868979334831238 1450
1740015791249 0.6900007724761963 1460
1740015816951 0.7423304319381714 1470
1740015845543 0.5945031642913818 1480
1740015873911 0.7075721621513367 1490
1740015902159 0.5863187909126282 1500
1740015930551 0.7364603281021118 1510
1740015958773 0.7016408443450928 1520
1740015987163 0.6275646090507507 1530
1740016015208 0.6753239631652832 1540
1740016043622 0.6707074642181396 1550
1740016072049 0.9146836996078491 1560
1740016100402 0.659652829170227 1570
1740016128995 0.7146149277687073 1580
1740016157559 0.6854270696640015 1590
1740016188061 0.6003192067146301 1600
1740016216789 0.7241529226303101 1610
1740016245492 0.6407097578048706 1620
1740016274502 0.6208394765853882 1630
1740016303764 0.6245283484458923 1640
1740016332880 0.7469456195831299 1650
1740016362601 0.6283392310142517 1660
1740016392435 0.6579342484474182 1670
1740016422544 0.6421488523483276 1680
1740016452957 0.6579471826553345 1690
1740016483675 0.643628716468811 1700
1740016514955 0.6279364228248596 1710
1740016546251 0.7169364094734192 1720
1740016577907 0.651616632938385 1730
1740016609315 0.7480227947235107 1740
1740016640051 0.7078272104263306 1750
1740016671186 0.7698292136192322 1760
1740016701580 0.7660356163978577 1770
1740016731597 0.7337697744369507 1780
1740016762409 0.6530495882034302 1790
1740016792973 0.7335605621337891 1800
1740016823917 0.7935880422592163 1810
1740016855238 0.6367689967155457 1820
1740016887170 0.5988656282424927 1830
1740016919257 0.6528387665748596 1840
1740016951838 0.7551480531692505 1850
1740016984776 0.6961734294891357 1860
1740017018143 0.6932178139686584 1870
1740017051889 0.6554912328720093 1880
1740017085825 0.8311054110527039 1890
1740017119865 0.7572940587997437 1900
1740017153897 0.6659161448478699 1910
1740017188145 0.760523796081543 1920
1740017222591 0.7421793341636658 1930
1740017257434 0.7063173651695251 1940
1740017291797 0.7936040163040161 1950
1740017326485 0.5886478424072266 1960
1740017360948 0.6369995474815369 1970
1740017395149 0.7052714228630066 1980
1740017430133 0.5779129862785339 1990
1740017465440 0.6255979537963867 2000
1740017501048 0.7064706087112427 2010
1740017536743 0.683211088180542 2020
1740017573208 0.7057439684867859 2030
1740017610692 0.627629280090332 2040
1740017645589 0.6367796063423157 2050
1740017680379 0.726061999797821 2060
1740017715424 0.7142391800880432 2070
1740017751166 0.6838685274124146 2080
1740017786108 0.732172429561615 2090
1740017822001 0.7668601274490356 2100
1740017858143 0.7525842785835266 2110
1740017893986 0.7587542533874512 2120
1740017929623 0.794150710105896 2130
1740017965778 0.7322328686714172 2140
1740018002568 0.6958417296409607 2150
1740018039399 0.6377500891685486 2160
1740018076609 0.6809850931167603 2170
1740018113794 0.6270563006401062 2180
1740018150897 0.6804837584495544 2190
1740018188137 0.6313058137893677 2200
1740018225874 0.7516151666641235 2210
1740018263746 0.721291184425354 2220
1740018301875 0.7824544310569763 2230
1740018339968 0.7278753519058228 2240
1740018378414 0.8517118692398071 2250
1740018416632 0.7170505523681641 2260
1740018455513 0.6595659852027893 2270
1740018494105 0.7543580532073975 2280
1740018533128 0.8915659785270691 2290
1740018570501 0.6226596832275391 2300
1740018607920 0.5797991752624512 2310
1740018645528 0.7774348258972168 2320
1740018683653 0.7795247435569763 2330
1740018721322 0.7166784405708313 2340
1740018758752 0.6890245676040649 2350
1740018796431 0.7949071526527405 2360
1740018835019 0.8094708919525146 2370
1740018873656 0.7193349599838257 2380
1740018912406 0.744175374507904 2390
1740018951672 0.7476231455802917 2400
1740018990430 0.7383854985237122 2410
1740019029861 0.8346557021141052 2420
1740019069246 0.7566072940826416 2430
1740019109152 0.6202556490898132 2440
1740019148896 0.7331885099411011 2450
1740019189388 0.7207855582237244 2460
1740019229775 0.8413830995559692 2470
1740019269838 0.6904274225234985 2480
1740019310340 0.663164496421814 2490
1740019349986 0.6210168600082397 2500
1740019390863 0.6323394179344177 2510
1740019433950 0.8274778127670288 2520
1740019466984 0.6972327828407288 2530
1740019491353 0.7473239898681641 2540
1740019519722 0.6532592177391052 2550
1740019550075 0.6692841053009033 2560
1740019580464 0.7742165923118591 2570
1740019610688 0.8424056768417358 2580
1740019641171 0.6700634360313416 2590
1740019671687 0.7035035490989685 2600
1740019700620 0.7649480700492859 2610
1740019726790 0.6388869881629944 2620
1740019752912 0.796817421913147 2630
1740019779347 0.6295759081840515 2640
1740019805678 0.7451056838035583 2650
1740019832198 0.6724480390548706 2660
1740019858741 0.6724068522453308 2670
1740019885050 0.7878633141517639 2680
1740019911313 0.7017163038253784 2690
1740019937883 0.7194337248802185 2700
1740019964054 0.7245289087295532 2710
1740019990487 0.7063584327697754 2720
1740020016890 0.7000411152839661 2730
1740020043230 0.7663021683692932 2740
1740020069354 0.776628315448761 2750
1740020095592 0.802300751209259 2760
1740020121559 0.6347243785858154 2770
1740020147604 0.6982064247131348 2780
1740020173730 0.7480707168579102 2790
1740020199573 0.6729371547698975 2800
1740020225893 0.7701439261436462 2810
1740020252153 0.8375275135040283 2820
1740020278316 0.6713117957115173 2830
1740020304495 0.7425020933151245 2840
1740020330562 0.6967371106147766 2850
1740020356760 0.7533058524131775 2860
1740020382930 0.6905535459518433 2870
1740020409054 0.8177005648612976 2880
1740020435071 0.6851024031639099 2890
1740020461096 0.8242319822311401 2900
1740020487701 0.7438759207725525 2910
1740020513868 0.6872438788414001 2920
1740020539782 0.6776806712150574 2930
1740020565736 0.6414613723754883 2940
1740020591834 0.7290835976600647 2950
1740020617941 0.7501586079597473 2960
1740020644263 0.7055151462554932 2970
1740020674419 0.8125553131103516 2980
1740020703239 0.7260874509811401 2990
1740020731936 0.6567785143852234 3000
1740020758333 0.8252705931663513 3010
1740020784496 0.7368611693382263 3020
1740020810762 0.6803000569343567 3030
1740020836917 0.7635763883590698 3040
1740020862990 0.7305115461349487 3050
1740020888950 0.5934025645256042 3060
1740020914922 0.7836874723434448 3070
1740020940987 0.7988609671592712 3080
1740020967026 0.7216009497642517 3090
1740020993299 0.7198189496994019 3100
1740021019537 0.7556623220443726 3110
1740021045603 0.724575400352478 3120
1740021071692 0.646049976348877 3130
1740021097662 0.749110221862793 3140
1740021123542 0.7617254257202148 3150
1740021149421 0.6587416529655457 3160
1740021175537 0.7511833310127258 3170
1740021201536 0.8248170018196106 3180
1740021228256 0.6467968225479126 3190
1740021254442 0.723430335521698 3200
1740021280536 0.7244954109191895 3210
1740021306660 0.7277804613113403 3220
1740021332735 0.7696599960327148 3230
1740021358830 0.6953431963920593 3240
1740021385016 0.723072350025177 3250
1740021411001 0.7716438174247742 3260
1740021437208 0.7233049869537354 3270
1740021463404 0.7348067164421082 3280
1740021489481 0.7880986332893372 3290
1740021515333 0.7089604139328003 3300
1740021541454 0.7018082141876221 3310
1740021567336 0.6838268637657166 3320
1740021593289 0.7405213117599487 3330
1740021619017 0.7965055704116821 3340
1740021644620 0.7786940336227417 3350
1740021670513 0.7571512460708618 3360
1740021696652 0.7993537783622742 3370
1740021722643 0.85566645860672 3380
1740021748469 0.7722708582878113 3390
1740021774599 0.7695317268371582 3400
1740021800662 0.850713312625885 3410
1740021826560 0.709577739238739 3420
1740021852459 0.7047581076622009 3430
1740021878268 0.664852499961853 3440
1740021903971 1.0020644664764404 3450
1740021929868 0.8719198703765869 3460
1740021956145 0.849536120891571 3470
1740021982196 0.8062014579772949 3480
1740022008066 0.6975785493850708 3490
1740022034083 0.7735097408294678 3500
1740022060060 0.6829891800880432 3510
1740022086439 0.6647287607192993 3520
1740022112463 0.680009126663208 3530
1740022137994 0.7038944959640503 3540
1740022164183 0.6590725183486938 3550
1740022190254 0.7869805693626404 3560
1740022216384 0.7077551484107971 3570
1740022242511 0.8932343125343323 3580
1740022268488 0.8650214076042175 3590
1740022294574 0.8256680965423584 3600
1740022320557 0.8826923370361328 3610
1740022346629 0.7974663376808167 3620
1740022372404 0.8559159636497498 3630
1740022398531 0.6735168695449829 3640
1740022424743 0.7733509540557861 3650
1740022450911 0.749370813369751 3660
1740022476963 0.7883768677711487 3670
1740022502916 0.6738448143005371 3680
1740022528864 0.7514053583145142 3690
1740022554880 0.822688102722168 3700
1740022580666 0.7176437377929688 3710
1740022606628 0.8740195631980896 3720
1740022632615 0.7539896368980408 3730
1740022658781 0.6971808671951294 3740
1740022685072 0.7001827359199524 3750
1740022711145 0.6344919800758362 3760
1740022736905 0.7363542914390564 3770
1740022763031 0.659002423286438 3780
1740022789114 0.753095269203186 3790
1740022815159 0.7748133540153503 3800
1740022841151 0.7649117708206177 3810
1740022867314 0.826468288898468 3820
1740022893306 0.7038507461547852 3830
1740022919517 0.7854218482971191 3840
1740022945604 0.7577252388000488 3850
1740022971610 0.6871301531791687 3860
1740022997618 0.7999315857887268 3870
1740023023740 0.6344884037971497 3880
1740023049772 0.8203125 3890
1740023075867 0.8089978694915771 3900
1740023101739 0.6684524416923523 3910
1740023127847 0.9804052114486694 3920
1740023154108 0.7532960176467896 3930
1740023180227 0.8518887758255005 3940
1740023206430 0.7100833058357239 3950
1740023232514 0.6787739992141724 3960
1740023258544 0.6890696883201599 3970
1740023284548 0.7172227501869202 3980
1740023310505 0.7425734996795654 3990
1740023336396 0.7293495535850525 4000
1740023362659 0.7423468828201294 4010
1740023388832 0.8508827090263367 4020
1740023414859 0.7457152009010315 4030
1740023441223 0.8813952207565308 4040
1740023467323 0.8568426966667175 4050
1740023493318 0.7734302282333374 4060
1740023519414 0.7530774474143982 4070
1740023545544 0.6179295778274536 4080
1740023571510 0.862443208694458 4090
1740023597684 0.7164528965950012 4100
1740023623834 0.7631130814552307 4110
1740023649913 0.686453640460968 4120
1740023676003 0.8067458271980286 4130
1740023702189 0.8332718014717102 4140
1740023728242 0.8236085176467896 4150
1740023754128 0.7838770151138306 4160
1740023780038 0.6905799508094788 4170
1740023805853 0.731666624546051 4180
1740023831521 0.7857332229614258 4190
1740023857259 0.8998384475708008 4200
1740023881757 0.8380339741706848 4210
1740023905788 0.7865540981292725 4220
1740023930900 0.7019716501235962 4230
1740023953862 0.7495397925376892 4240
1740023977099 0.7091226577758789 4250
1740024000100 0.785758912563324 4260
1740024022820 0.825289785861969 4270
1740024045667 0.8194184899330139 4280
1740024068483 0.8228126764297485 4290
1740024091548 0.8039390444755554 4300
1740024114547 0.8188043236732483 4310
1740024137477 0.6641451716423035 4320
1740024160374 0.7890886664390564 4330
1740024183148 0.8769708871841431 4340
1740024206120 0.8037331700325012 4350
1740024229376 0.7253694534301758 4360
1740024252307 0.7510047554969788 4370
1740024275078 0.8462818264961243 4380
1740024297776 0.7766866683959961 4390
1740024320628 0.714205801486969 4400
1740024343595 0.7380563616752625 4410
1740024366491 0.8354098796844482 4420
1740024389351 0.7208314538002014 4430
1740024412179 0.7626462578773499 4440
1740024434842 0.7305912375450134 4450
1740024457705 0.7060752511024475 4460
1740024480559 0.7729554772377014 4470
1740024503349 0.6980060338973999 4480
1740024525935 0.7587530016899109 4490
1740024549790 0.6958063244819641 4500
1740024576049 0.8952913284301758 4510
1740024601637 1.0088104009628296 4520
1740024627062 0.9250949025154114 4530
1740024652786 0.7983298301696777 4540
1740024678208 0.8255513310432434 4550
1740024703668 0.7975689172744751 4560
1740024729433 0.8360256552696228 4570
1740024754779 0.8251099586486816 4580
1740024780340 0.8217182755470276 4590
1740024805946 0.7815667390823364 4600
1740024831458 0.8546732664108276 4610
1740024856958 0.6987045407295227 4620
1740024882520 0.8157296776771545 4630
1740024908896 0.7278445959091187 4640
1740024936266 0.8198418617248535 4650
1740024963491 0.8289986252784729 4660
1740024991238 0.8788705468177795 4670
1740025019115 0.7620707154273987 4680
1740025047449 0.7772890329360962 4690
1740025075643 0.871261715888977 4700
1740025103976 0.8796091079711914 4710
1740025132693 0.8055641651153564 4720
1740025160609 1.007045030593872 4730
1740025189258 0.7754725813865662 4740
1740025217080 0.7523244619369507 4750
1740025244358 0.7346819043159485 4760
1740025272321 0.8092731833457947 4770
