1740012260953 0.00019966520192508892 10
1740012293475 0.0001992467043314501 20
1740012326590 0.00019882820673781127 30
1740012359832 0.00019840970914417242 40
1740012394102 0.00019799121155053358 50
1740012428957 0.00019757271395689477 60
1740012465125 0.00019715421636325593 70
1740012502125 0.0001967357187696171 80
1740012541187 0.00019631722117597825 90
1740012572595 0.0001958987235823394 100
1740012594532 0.00019548022598870056 110
1740012620077 0.00019506172839506175 120
1740012647638 0.0001946432308014229 130
1740012675310 0.00019422473320778407 140
1740012703390 0.00019380623561414523 150
1740012730860 0.00019338773802050639 160
1740012757168 0.00019296924042686754 170
1740012780318 0.0001925507428332287 180
1740012803540 0.0001921322452395899 190
1740012826896 0.00019171374764595105 200
1740012850201 0.0001912952500523122 210
1740012873471 0.0001908767524586734 220
1740012896926 0.00019045825486503452 230
1740012919976 0.00019003975727139568 240
1740012943451 0.00018962125967775687 250
1740012966707 0.00018920276208411803 260
1740012989889 0.0001887842644904792 270
1740013013195 0.00018836576689684035 280
1740013036457 0.00018794726930320153 290
1740013059854 0.0001875287717095627 300
1740013083262 0.00018711027411592382 310
1740013106549 0.000186691776522285 320
1740013130076 0.00018627327892864617 330
1740013153384 0.00018585478133500733 340
1740013176773 0.00018543628374136849 350
1740013200181 0.00018501778614772967 360
1740013223608 0.00018459928855409083 370
1740013246988 0.000184180790960452 380
1740013270562 0.00018376229336681315 390
1740013293984 0.0001833437957731743 400
1740013317528 0.00018292529817953547 410
1740013340909 0.00018250680058589665 420
1740013364630 0.0001820883029922578 430
1740013388210 0.00018166980539861897 440
1740013411834 0.00018125130780498013 450
1740013435348 0.0001808328102113413 460
1740013458823 0.00018041431261770245 470
1740013482103 0.0001799958150240636 480
1740013505628 0.0001795773174304248 490
1740013529079 0.00017915881983678595 500
1740013552641 0.0001787403222431471 510
1740013576292 0.0001783218246495083 520
1740013599919 0.00017790332705586943 530
1740013623368 0.0001774848294622306 540
1740013646711 0.00017706633186859177 550
1740013670329 0.00017664783427495293 560
1740013693914 0.0001762293366813141 570
1740013717288 0.00017581083908767525 580
1740013740559 0.00017539234149403644 590
1740013764175 0.00017497384390039757 600
1740013787763 0.00017455534630675873 610
1740013811382 0.0001741368487131199 620
1740013835079 0.00017371835111948107 630
1740013858823 0.00017329985352584223 640
1740013882153 0.00017288135593220342 650
1740013905799 0.00017246285833856457 660
1740013929358 0.0001720443607449257 670
1740013952918 0.0001716258631512869 680
1740013976155 0.00017120736555764805 690
1740013999600 0.0001707888679640092 700
1740014023298 0.00017037037037037037 710
1740014046849 0.00016995187277673156 720
1740014070317 0.00016953337518309271 730
1740014094139 0.00016911487758945387 740
1740014117644 0.00016869637999581503 750
1740014141254 0.0001682778824021762 760
1740014164968 0.00016785938480853735 770
1740014188455 0.00016744088721489854 780
1740014212066 0.0001670223896212597 790
1740014235558 0.00016660389202762085 800
1740014259169 0.000166185394433982 810
1740014282682 0.00016576689684034317 820
1740014306155 0.00016534839924670433 830
1740014329800 0.0001649299016530655 840
1740014353498 0.00016451140405942668 850
1740014377149 0.00016409290646578783 860
1740014400877 0.000163674408872149 870
1740014424511 0.00016325591127851015 880
1740014448162 0.0001628374136848713 890
1740014471701 0.00016241891609123247 900
1740014495243 0.00016200041849759363 910
1740014518652 0.00016158192090395482 920
1740014542059 0.00016116342331031597 930
1740014565434 0.00016074492571667713 940
1740014588807 0.00016032642812303832 950
1740014612309 0.00015990793052939948 960
1740014636031 0.0001594894329357606 970
1740014659305 0.0001590709353421218 980
1740014682700 0.00015865243774848295 990
1740014706066 0.0001582339401548441 1000
1740014729589 0.00015781544256120527 1010
1740014753296 0.00015739694496756646 1020
1740014776777 0.00015697844737392762 1030
1740014800434 0.00015655994978028875 1040
1740014824171 0.00015614145218664994 1050
1740014847734 0.0001557229545930111 1060
1740014871443 0.00015530445699937225 1070
1740014894884 0.00015488595940573344 1080
1740014918478 0.0001544674618120946 1090
1740014942066 0.00015404896421845576 1100
1740014965542 0.00015363046662481692 1110
1740014989259 0.00015321196903117807 1120
1740015012732 0.00015279347143753923 1130
1740015036120 0.0001523749738439004 1140
1740015059775 0.00015195647625026158 1150
1740015083318 0.00015153797865662274 1160
1740015106990 0.0001511194810629839 1170
1740015130537 0.00015070098346934508 1180
1740015153882 0.00015028248587570621 1190
1740015177338 0.00014986398828206737 1200
1740015200671 0.00014944549068842856 1210
1740015224419 0.00014902699309478972 1220
1740015248047 0.00014860849550115088 1230
1740015271489 0.00014818999790751204 1240
1740015295062 0.00014777150031387322 1250
1740015318540 0.00014735300272023435 1260
1740015342140 0.0001469345051265955 1270
1740015365770 0.0001465160075329567 1280
1740015389294 0.00014609750993931786 1290
1740015412816 0.00014567901234567902 1300
1740015436437 0.0001452605147520402 1310
1740015460155 0.00014484201715840136 1320
1740015483771 0.0001444235195647625 1330
1740015507294 0.00014400502197112368 1340
1740015530865 0.00014358652437748484 1350
1740015554530 0.000143168026783846 1360
1740015578251 0.00014274952919020716 1370
1740015601961 0.00014233103159656834 1380
1740015625586 0.0001419125340029295 1390
1740015649144 0.00014149403640929063 1400
1740015672746 0.00014107553881565182 1410
1740015696457 0.00014065704122201298 1420
1740015720249 0.00014023854362837414 1430
1740015743783 0.0001398200460347353 1440
1740015767629 0.00013940154844109648 1450
1740015791249 0.00013898305084745764 1460
1740015816951 0.0001385645532538188 1470
1740015845543 0.00013814605566017996 1480
1740015873911 0.00013772755806654112 1490
1740015902159 0.00013730906047290228 1500
1740015930551 0.00013689056287926346 1510
1740015958773 0.00013647206528562462 1520
1740015987163 0.00013605356769198578 1530
1740016015208 0.00013563507009834694 1540
1740016043622 0.0001352165725047081 1550
1740016072049 0.00013479807491106926 1560
1740016100402 0.00013437957731743042 1570
1740016128995 0.0001339610797237916 1580
1740016157559 0.00013354258213015276 1590
1740016188061 0.00013312408453651392 1600
1740016216789 0.0001327055869428751 1610
1740016245492 0.00013228708934923624 1620
1740016274502 0.0001318685917555974 1630
1740016303764 0.00013145009416195858 1640
1740016332880 0.00013103159656831974 1650
1740016362601 0.0001306130989746809 1660
1740016392435 0.00013019460138104206 1670
1740016422544 0.00012977610378740324 1680
1740016452957 0.0001293576061937644 1690
1740016483675 0.00012893910860012554 1700
1740016514955 0.00012852061100648672 1710
1740016546251 0.00012810211341284788 1720
1740016577907 0.00012768361581920904 1730
1740016609315 0.00012726511822557023 1740
1740016640051 0.00012684662063193138 1750
1740016671186 0.00012642812303829254 1760
1740016701580 0.0001260096254446537 1770
1740016731597 0.00012559112785101486 1780
1740016762409 0.00012517263025737602 1790
1740016792973 0.00012475413266373718 1800
1740016823917 0.00012433563507009836 1810
1740016855238 0.00012391713747645952 1820
1740016887170 0.00012349863988282068 1830
1740016919257 0.00012308014228918184 1840
1740016951838 0.000122661644695543 1850
1740016984776 0.00012224314710190416 1860
1740017018143 0.00012182464950826533 1870
1740017051889 0.0001214061519146265 1880
1740017085825 0.00012098765432098766 1890
1740017119865 0.00012056915672734884 1900
1740017153897 0.00012015065913371 1910
1740017188145 0.00011973216154007114 1920
1740017222591 0.00011931366394643231 1930
1740017257434 0.00011889516635279347 1940
1740017291797 0.00011847666875915464 1950
1740017326485 0.0001180581711655158 1960
1740017360948 0.00011763967357187698 1970
1740017395149 0.00011722117597823813 1980
1740017430133 0.00011680267838459928 1990
1740017465440 0.00011638418079096045 2000
1740017501048 0.00011596568319732161 2010
1740017536743 0.00011554718560368278 2020
1740017573208 0.00011512868801004396 2030
1740017610692 0.00011471019041640511 2040
1740017645589 0.00011429169282276629 2050
1740017680379 0.00011387319522912743 2060
1740017715424 0.00011345469763548859 2070
1740017751166 0.00011303620004184976 2080
1740017786108 0.00011261770244821092 2090
1740017822001 0.0001121992048545721 2100
1740017858143 0.00011178070726093325 2110
1740017893986 0.00011136220966729443 2120
1740017929623 0.0001109437120736556 2130
1740017965778 0.00011052521448001673 2140
1740018002568 0.0001101067168863779 2150
1740018039399 0.00010968821929273908 2160
1740018076609 0.00010926972169910023 2170
1740018113794 0.00010885122410546141 2180
1740018150897 0.00010843272651182257 2190
1740018188137 0.00010801422891818374 2200
1740018225874 0.00010759573132454488 2210
1740018263746 0.00010717723373090604 2220
1740018301875 0.00010675873613726722 2230
1740018339968 0.00010634023854362837 2240
1740018378414 0.00010592174094998955 2250
1740018416632 0.0001055032433563507 2260
1740018455513 0.00010508474576271188 2270
1740018494105 0.00010466624816907302 2280
1740018533128 0.00010424775057543418 2290
1740018570501 0.00010382925298179535 2300
1740018607920 0.00010341075538815653 2310
1740018645528 0.00010299225779451769 2320
1740018683653 0.00010257376020087886 2330
1740018721322 0.00010215526260724002 2340
1740018758752 0.00010173676501360119 2350
1740018796431 0.00010131826741996234 2360
1740018835019 0.0001008997698263235 2370
1740018873656 0.00010048127223268467 2380
1740018912406 0.00010006277463904583 2390
1740018951672 9.9644277045407e-05 2400
1740018990430 9.922577945176816e-05 2410
1740019029861 9.880728185812932e-05 2420
1740019069246 9.838878426449049e-05 2430
1740019109152 9.797028667085165e-05 2440
1740019148896 9.75517890772128e-05 2450
1740019189388 9.713329148357398e-05 2460
1740019229775 9.671479388993514e-05 2470
1740019269838 9.62962962962963e-05 2480
1740019310340 9.587779870265746e-05 2490
1740019349986 9.545930110901863e-05 2500
1740019390863 9.50408035153798e-05 2510
1740019433950 9.462230592174095e-05 2520
1740019466984 9.420380832810212e-05 2530
1740019491353 9.378531073446328e-05 2540
1740019519722 9.336681314082445e-05 2550
1740019550075 9.294831554718561e-05 2560
1740019580464 9.252981795354677e-05 2570
1740019610688 9.211132035990794e-05 2580
1740019641171 9.16928227662691e-05 2590
1740019671687 9.127432517263026e-05 2600
1740019700620 9.085582757899143e-05 2610
1740019726790 9.043732998535259e-05 2620
1740019752912 9.001883239171375e-05 2630
1740019779347 8.960033479807492e-05 2640
1740019805678 8.918183720443608e-05 2650
1740019832198 8.876333961079725e-05 2660
1740019858741 8.83448420171584e-05 2670
1740019885050 8.792634442351957e-05 2680
1740019911313 8.750784682988074e-05 2690
1740019937883 8.708934923624189e-05 2700
1740019964054 8.667085164260306e-05 2710
1740019990487 8.625235404896422e-05 2720
1740020016890 8.583385645532539e-05 2730
1740020043230 8.541535886168655e-05 2740
1740020069354 8.499686126804771e-05 2750
1740020095592 8.457836367440888e-05 2760
1740020121559 8.415986608077004e-05 2770
1740020147604 8.37413684871312e-05 2780
1740020173730 8.332287089349237e-05 2790
1740020199573 8.290437329985353e-05 2800
1740020225893 8.248587570621469e-05 2810
1740020252153 8.206737811257585e-05 2820
1740020278316 8.164888051893702e-05 2830
1740020304495 8.12303829252982e-05 2840
1740020330562 8.081188533165934e-05 2850
1740020356760 8.039338773802051e-05 2860
1740020382930 7.997489014438167e-05 2870
1740020409054 7.955639255074284e-05 2880
1740020435071 7.9137894957104e-05 2890
1740020461096 7.871939736346516e-05 2900
1740020487701 7.830089976982633e-05 2910
1740020513868 7.788240217618749e-05 2920
1740020539782 7.746390458254865e-05 2930
1740020565736 7.704540698890982e-05 2940
1740020591834 7.662690939527098e-05 2950
1740020617941 7.620841180163214e-05 2960
1740020644263 7.57899142079933e-05 2970
1740020674419 7.537141661435447e-05 2980
1740020703239 7.495291902071564e-05 2990
1740020731936 7.453442142707679e-05 3000
1740020758333 7.411592383343796e-05 3010
1740020784496 7.369742623979912e-05 3020
1740020810762 7.327892864616028e-05 3030
1740020836917 7.286043105252145e-05 3040
1740020862990 7.244193345888261e-05 3050
1740020888950 7.202343586524378e-05 3060
1740020914922 7.160493827160494e-05 3070
1740020940987 7.11864406779661e-05 3080
1740020967026 7.076794308432727e-05 3090
1740020993299 7.034944549068843e-05 3100
1740021019537 6.993094789704959e-05 3110
1740021045603 6.951245030341076e-05 3120
1740021071692 6.909395270977192e-05 3130
1740021097662 6.867545511613308e-05 3140
1740021123542 6.825695752249424e-05 3150
1740021149421 6.783845992885541e-05 3160
1740021175537 6.741996233521659e-05 3170
1740021201536 6.700146474157773e-05 3180
1740021228256 6.65829671479389e-05 3190
1740021254442 6.616446955430006e-05 3200
1740021280536 6.574597196066124e-05 3210
1740021306660 6.53274743670224e-05 3220
1740021332735 6.490897677338355e-05 3230
1740021358830 6.449047917974473e-05 3240
1740021385016 6.407198158610587e-05 3250
1740021411001 6.365348399246704e-05 3260
1740021437208 6.323498639882822e-05 3270
1740021463404 6.281648880518938e-05 3280
1740021489481 6.239799121155053e-05 3290
1740021515333 6.197949361791169e-05 3300
1740021541454 6.156099602427287e-05 3310
1740021567336 6.114249843063404e-05 3320
1740021593289 6.072400083699519e-05 3330
1740021619017 6.0305503243356356e-05 3340
1740021644620 5.988700564971752e-05 3350
1740021670513 5.9468508056078674e-05 3360
1740021696652 5.905001046243984e-05 3370
1740021722643 5.863151286880101e-05 3380
1740021748469 5.821301527516218e-05 3390
1740021774599 5.779451768152333e-05 3400
1740021800662 5.7376020087884495e-05 3410
1740021826560 5.695752249424566e-05 3420
1740021852459 5.653902490060683e-05 3430
1740021878268 5.6120527306967986e-05 3440
1740021903971 5.570202971332915e-05 3450
1740021929868 5.528353211969032e-05 3460
1740021956145 5.4865034526051476e-05 3470
1740021982196 5.444653693241264e-05 3480
1740022008066 5.402803933877381e-05 3490
1740022034083 5.360954174513497e-05 3500
1740022060060 5.3191044151496125e-05 3510
1740022086439 5.27725465578573e-05 3520
1740022112463 5.235404896421846e-05 3530
1740022137994 5.193555137057963e-05 3540
1740022164183 5.151705377694078e-05 3550
1740022190254 5.109855618330195e-05 3560
1740022216384 5.068005858966311e-05 3570
1740022242511 5.026156099602427e-05 3580
1740022268488 4.984306340238544e-05 3590
1740022294574 4.94245658087466e-05 3600
1740022320557 4.900606821510776e-05 3610
1740022346629 4.8587570621468934e-05 3620
1740022372404 4.816907302783009e-05 3630
1740022398531 4.775057543419126e-05 3640
1740022424743 4.733207784055242e-05 3650
1740022450911 4.691358024691358e-05 3660
1740022476963 4.649508265327475e-05 3670
1740022502916 4.607658505963591e-05 3680
1740022528864 4.5658087465997074e-05 3690
1740022554880 4.523958987235823e-05 3700
1740022580666 4.48210922787194e-05 3710
1740022606628 4.4402594685080564e-05 3720
1740022632615 4.398409709144173e-05 3730
1740022658781 4.356559949780289e-05 3740
1740022685072 4.3147101904164054e-05 3750
1740022711145 4.272860431052522e-05 3760
1740022736905 4.231010671688638e-05 3770
1740022763031 4.1891609123247544e-05 3780
1740022789114 4.14731115296087e-05 3790
1740022815159 4.105461393596987e-05 3800
1740022841151 4.0636116342331035e-05 3810
1740022867314 4.02176187486922e-05 3820
1740022893306 3.979912115505336e-05 3830
1740022919517 3.9380623561414525e-05 3840
1740022945604 3.8962125967775684e-05 3850
1740022971610 3.8543628374136856e-05 3860
1740022997618 3.8125130780498015e-05 3870
1740023023740 3.7706633186859174e-05 3880
1740023049772 3.728813559322034e-05 3890
1740023075867 3.6869637999581506e-05 3900
1740023101739 3.645114040594267e-05 3910
1740023127847 3.603264281230383e-05 3920
1740023154108 3.5614145218664996e-05 3930
1740023180227 3.5195647625026155e-05 3940
1740023206430 3.477715003138732e-05 3950
1740023232514 3.4358652437748486e-05 3960
1740023258544 3.394015484410965e-05 3970
1740023284548 3.352165725047081e-05 3980
1740023310505 3.310315965683197e-05 3990
1740023336396 3.268466206319314e-05 4000
1740023362659 3.22661644695543e-05 4010
1740023388832 3.184766687591547e-05 4020
1740023414859 3.1429169282276626e-05 4030
1740023441223 3.101067168863779e-05 4040
1740023467323 3.059217409499896e-05 4050
1740023493318 3.017367650136012e-05 4060
1740023519414 2.975517890772128e-05 4070
1740023545544 2.9336681314082447e-05 4080
1740023571510 2.891818372044361e-05 4090
1740023597684 2.849968612680477e-05 4100
1740023623834 2.8081188533165938e-05 4110
1740023649913 2.7662690939527096e-05 4120
1740023676003 2.7244193345888262e-05 4130
1740023702189 2.6825695752249424e-05 4140
1740023728242 2.640719815861059e-05 4150
1740023754128 2.5988700564971752e-05 4160
1740023780038 2.5570202971332918e-05 4170
1740023805853 2.515170537769408e-05 4180
1740023831521 2.4733207784055243e-05 4190
1740023857259 2.4314710190416405e-05 4200
1740023881757 2.389621259677757e-05 4210
1740023905788 2.3477715003138733e-05 4220
1740023930900 2.30592174094999e-05 4230
1740023953862 2.264071981586106e-05 4240
1740023977099 2.2222222222222223e-05 4250
1740024000100 2.1803724628583386e-05 4260
1740024022820 2.1385227034944548e-05 4270
1740024045667 2.0966729441305714e-05 4280
1740024068483 2.0548231847666876e-05 4290
1740024091548 2.012973425402804e-05 4300
1740024114547 1.9711236660389204e-05 4310
1740024137477 1.9292739066750366e-05 4320
1740024160374 1.8874241473111532e-05 4330
1740024183148 1.8455743879472694e-05 4340
1740024206120 1.803724628583386e-05 4350
1740024229376 1.761874869219502e-05 4360
1740024252307 1.7200251098556184e-05 4370
1740024275078 1.6781753504917347e-05 4380
1740024297776 1.636325591127851e-05 4390
1740024320628 1.5944758317639675e-05 4400
1740024343595 1.5526260724000837e-05 4410
1740024366491 1.5107763130362001e-05 4420
1740024389351 1.4689265536723165e-05 4430
1740024412179 1.4270767943084329e-05 4440
1740024434842 1.3852270349445493e-05 4450
1740024457705 1.3433772755806654e-05 4460
1740024480559 1.3015275162167818e-05 4470
1740024503349 1.259677756852898e-05 4480
1740024525935 1.2178279974890144e-05 4490
1740024549790 1.1759782381251308e-05 4500
1740024576049 1.1341284787612472e-05 4510
1740024601637 1.0922787193973636e-05 4520
1740024627062 1.05042896003348e-05 4530
1740024652786 1.008579200669596e-05 4540
1740024678208 9.667294413057124e-06 4550
1740024703668 9.248796819418288e-06 4560
1740024729433 8.830299225779452e-06 4570
1740024754779 8.411801632140616e-06 4580
1740024780340 7.99330403850178e-06 4590
1740024805946 7.574806444862942e-06 4600
1740024831458 7.156308851224106e-06 4610
1740024856958 6.737811257585269e-06 4620
1740024882520 6.319313663946433e-06 4630
1740024908896 5.900816070307596e-06 4640
1740024936266 5.482318476668759e-06 4650
1740024963491 5.063820883029923e-06 4660
1740024991238 4.6453232893910864e-06 4670
1740025019115 4.22682569575225e-06 4680
1740025047449 3.8083281021134127e-06 4690
1740025075643 3.3898305084745763e-06 4700
1740025103976 2.97133291483574e-06 4710
1740025132693 2.5528353211969035e-06 4720
1740025160609 2.1343377275580666e-06 4730
1740025189258 1.71584013391923e-06 4740
1740025217080 1.2973425402803935e-06 4750
1740025244358 8.788449466415568e-07 4760
1740025272321 4.6034735300272024e-07 4770
