1740012260953 2.9256 10
1740012293475 1.9155 20
1740012326590 1.7249 30
1740012359832 1.3715 40
1740012394102 1.4044 50
1740012428957 1.3989 60
1740012465125 1.4428 70
1740012502125 1.3618 80
1740012541187 1.363 90
1740012572595 1.4174 100
1740012594532 1.3061 110
1740012620077 1.2411 120
1740012647638 1.2989 130
1740012675310 1.342 140
1740012703390 1.2332 150
1740012730860 1.335 160
1740012757168 1.2768 170
1740012780318 1.3653 180
1740012803540 1.1397 190
1740012826896 1.327 200
1740012850201 1.2959 210
1740012873471 1.3481 220
1740012896926 1.3288 230
1740012919976 1.3137 240
1740012943451 1.2077 250
1740012966707 1.3222 260
1740012989889 1.2311 270
1740013013195 1.1622 280
1740013036457 1.2302 290
1740013059854 1.2107 300
1740013083262 1.3093 310
1740013106549 1.2486 320
1740013130076 1.1906 330
1740013153384 1.3232 340
1740013176773 1.3076 350
1740013200181 1.1786 360
1740013223608 1.1651 370
1740013246988 1.2013 380
1740013270562 1.2934 390
1740013293984 1.264 400
1740013317528 1.2523 410
1740013340909 1.2351 420
1740013364630 1.3164 430
1740013388210 1.1167 440
1740013411834 1.3218 450
1740013435348 1.1309 460
1740013458823 1.1407 470
1740013482103 1.172 480
1740013505628 1.1185 490
1740013529079 1.2552 500
1740013552641 1.1024 510
1740013576292 1.1322 520
1740013599919 1.1881 530
1740013623368 1.1781 540
1740013646711 1.2875 550
1740013670329 1.1812 560
1740013693914 1.0925 570
1740013717288 1.1327 580
1740013740559 1.2199 590
1740013764175 1.1641 600
1740013787763 1.1907 610
1740013811382 1.2232 620
1740013835079 1.1162 630
1740013858823 1.0502 640
1740013882153 1.1589 650
1740013905799 1.1205 660
1740013929358 1.1092 670
1740013952918 1.2119 680
1740013976155 1.1628 690
1740013999600 1.181 700
1740014023298 1.1402 710
1740014046849 1.1517 720
1740014070317 1.112 730
1740014094139 1.2382 740
1740014117644 1.1144 750
1740014141254 1.2069 760
1740014164968 1.1049 770
1740014188455 1.1135 780
1740014212066 1.1865 790
1740014235558 1.0901 800
1740014259169 1.1554 810
1740014282682 1.056 820
1740014306155 1.1357 830
1740014329800 1.1091 840
1740014353498 1.118 850
1740014377149 1.1217 860
1740014400877 1.1323 870
1740014424511 1.1789 880
1740014448162 1.1329 890
1740014471701 1.0751 900
1740014495243 1.1082 910
1740014518652 1.0874 920
1740014542059 1.0758 930
1740014565434 1.2282 940
1740014588807 1.0888 950
1740014612309 1.0958 960
1740014636031 1.2696 970
1740014659305 1.118 980
1740014682700 1.166 990
1740014706066 1.1045 1000
1740014729589 1.0408 1010
1740014753296 1.104 1020
1740014776777 1.0829 1030
1740014800434 1.1151 1040
1740014824171 1.0481 1050
1740014847734 1.1781 1060
1740014871443 1.1366 1070
1740014894884 1.1758 1080
1740014918478 0.9343 1090
1740014942066 1.0856 1100
1740014965542 1.2752 1110
1740014989259 1.2076 1120
1740015012732 1.0372 1130
1740015036120 1.1661 1140
1740015059775 1.068 1150
1740015083318 1.0772 1160
1740015106990 1.0819 1170
1740015130537 1.0478 1180
1740015153882 1.0659 1190
1740015177338 1.0572 1200
1740015200671 1.1349 1210
1740015224419 1.0439 1220
1740015248047 0.9946 1230
1740015271489 1.1717 1240
1740015295062 1.1148 1250
1740015318540 1.1886 1260
1740015342140 1.0916 1270
1740015365770 1.0502 1280
1740015389294 1.0622 1290
1740015412816 1.0787 1300
1740015436437 1.1834 1310
1740015460155 1.0397 1320
1740015483771 1.1355 1330
1740015507294 1.0427 1340
1740015530865 1.1029 1350
1740015554530 1.1607 1360
1740015578251 1.045 1370
1740015601961 1.0339 1380
1740015625586 1.0018 1390
1740015649144 1.2115 1400
1740015672746 1.0938 1410
1740015696457 1.0394 1420
1740015720249 1.1938 1430
1740015743783 1.1091 1440
1740015767629 0.9598 1450
1740015791249 1.0869 1460
1740015816951 1.0446 1470
1740015845543 1.0632 1480
1740015873911 0.9744 1490
1740015902159 1.103 1500
1740015930551 1.1258 1510
1740015958773 1.0274 1520
1740015987163 1.0329 1530
1740016015208 0.9847 1540
1740016043622 0.9565 1550
1740016072049 1.0973 1560
1740016100402 0.9848 1570
1740016128995 1.0156 1580
1740016157559 1.008 1590
1740016188061 0.9894 1600
1740016216789 1.0649 1610
1740016245492 1.0458 1620
1740016274502 1.0023 1630
1740016303764 0.9569 1640
1740016332880 1.0283 1650
1740016362601 1.0558 1660
1740016392435 1.0348 1670
1740016422544 1.0244 1680
1740016452957 0.9733 1690
1740016483675 0.963 1700
1740016514955 0.9363 1710
1740016546251 0.9956 1720
1740016577907 1.0894 1730
1740016609315 1.0015 1740
1740016640051 0.9603 1750
1740016671186 1.0975 1760
1740016701580 1.0254 1770
1740016731597 0.9749 1780
1740016762409 0.9469 1790
1740016792973 1.0395 1800
1740016823917 0.9814 1810
1740016855238 1.1152 1820
1740016887170 1.0173 1830
1740016919257 1.0382 1840
1740016951838 1.0975 1850
1740016984776 1.0291 1860
1740017018143 1.0235 1870
1740017051889 0.9901 1880
1740017085825 1.1 1890
1740017119865 1.0725 1900
1740017153897 1.0943 1910
1740017188145 1.0631 1920
1740017222591 1.0091 1930
1740017257434 1.0146 1940
1740017291797 1.1205 1950
1740017326485 0.923 1960
1740017360948 1.0218 1970
1740017395149 0.9713 1980
1740017430133 0.9676 1990
1740017465440 1.0496 2000
1740017501048 1.0661 2010
1740017536743 0.9842 2020
1740017573208 0.9978 2030
1740017610692 1.032 2040
1740017645589 0.9783 2050
1740017680379 0.9944 2060
1740017715424 1.0937 2070
1740017751166 1.0235 2080
1740017786108 0.9669 2090
1740017822001 0.9712 2100
1740017858143 1.1188 2110
1740017893986 1.0777 2120
1740017929623 1.0167 2130
1740017965778 0.9778 2140
1740018002568 0.8358 2150
1740018039399 0.9773 2160
1740018076609 0.9628 2170
1740018113794 0.9903 2180
1740018150897 1.0514 2190
1740018188137 1.0643 2200
1740018225874 1.0973 2210
1740018263746 1.0807 2220
1740018301875 1.0286 2230
1740018339968 0.9777 2240
1740018378414 0.9735 2250
1740018416632 1.007 2260
1740018455513 0.9071 2270
1740018494105 1.0606 2280
1740018533128 1.0913 2290
1740018570501 1.0586 2300
1740018607920 0.946 2310
1740018645528 1.0032 2320
1740018683653 1.1007 2330
1740018721322 1.067 2340
1740018758752 0.8749 2350
1740018796431 1.0315 2360
1740018835019 1.0886 2370
1740018873656 0.8835 2380
1740018912406 0.995 2390
1740018951672 0.9914 2400
1740018990430 0.9735 2410
1740019029861 1.0691 2420
1740019069246 0.9959 2430
1740019109152 0.9432 2440
1740019148896 1.0238 2450
1740019189388 0.9959 2460
1740019229775 0.9671 2470
1740019269838 0.989 2480
1740019310340 1.0091 2490
1740019349986 0.8921 2500
1740019390863 0.9403 2510
1740019433950 1.0039 2520
1740019466984 0.9147 2530
1740019491353 0.9346 2540
1740019519722 1.0048 2550
1740019550075 1.0488 2560
1740019580464 0.9486 2570
1740019610688 1.0127 2580
1740019641171 0.9782 2590
1740019671687 1.0012 2600
1740019700620 1.042 2610
1740019726790 0.8509 2620
1740019752912 0.9922 2630
1740019779347 1.0645 2640
1740019805678 0.9213 2650
1740019832198 0.9115 2660
1740019858741 0.921 2670
1740019885050 0.9473 2680
1740019911313 0.9705 2690
1740019937883 0.9866 2700
1740019964054 1.0458 2710
1740019990487 0.9619 2720
1740020016890 0.9813 2730
1740020043230 0.99 2740
1740020069354 0.9342 2750
1740020095592 0.9103 2760
1740020121559 1.0132 2770
1740020147604 0.9442 2780
1740020173730 0.9186 2790
1740020199573 1.0003 2800
1740020225893 0.9397 2810
1740020252153 0.8448 2820
1740020278316 0.9339 2830
1740020304495 0.9609 2840
1740020330562 1.0792 2850
1740020356760 0.9485 2860
1740020382930 0.9792 2870
1740020409054 0.9897 2880
1740020435071 1.0104 2890
1740020461096 0.9566 2900
1740020487701 0.9197 2910
1740020513868 0.9863 2920
1740020539782 0.962 2930
1740020565736 1.1004 2940
1740020591834 0.9763 2950
1740020617941 0.9732 2960
1740020644263 1.0116 2970
1740020674419 0.9627 2980
1740020703239 0.8459 2990
1740020731936 0.9775 3000
1740020758333 1.065 3010
1740020784496 0.9138 3020
1740020810762 0.9336 3030
1740020836917 0.9738 3040
1740020862990 0.8895 3050
1740020888950 0.9573 3060
1740020914922 0.9461 3070
1740020940987 0.9549 3080
1740020967026 0.9431 3090
1740020993299 0.8438 3100
1740021019537 0.9724 3110
1740021045603 0.9148 3120
1740021071692 0.8773 3130
1740021097662 1.0309 3140
1740021123542 1.0986 3150
1740021149421 1.0085 3160
1740021175537 0.9077 3170
1740021201536 0.9994 3180
1740021228256 0.9974 3190
1740021254442 0.8278 3200
1740021280536 0.9853 3210
1740021306660 0.8879 3220
1740021332735 0.8977 3230
1740021358830 1.0187 3240
1740021385016 0.8652 3250
1740021411001 0.8767 3260
1740021437208 0.8756 3270
1740021463404 0.9156 3280
1740021489481 0.9339 3290
1740021515333 0.9086 3300
1740021541454 0.9669 3310
1740021567336 0.883 3320
1740021593289 0.8442 3330
1740021619017 0.92 3340
1740021644620 0.9858 3350
1740021670513 0.8756 3360
1740021696652 0.9249 3370
1740021722643 0.9385 3380
1740021748469 0.99 3390
1740021774599 0.897 3400
1740021800662 0.9409 3410
1740021826560 1.009 3420
1740021852459 0.9893 3430
1740021878268 0.987 3440
1740021903971 0.9414 3450
1740021929868 1.0383 3460
1740021956145 0.8978 3470
1740021982196 0.9465 3480
1740022008066 0.9547 3490
1740022034083 0.9695 3500
1740022060060 0.962 3510
1740022086439 0.8944 3520
1740022112463 0.867 3530
1740022137994 1.0771 3540
1740022164183 0.9229 3550
1740022190254 0.9407 3560
1740022216384 0.8879 3570
1740022242511 0.8425 3580
1740022268488 0.9657 3590
1740022294574 0.9318 3600
1740022320557 0.9432 3610
1740022346629 0.8775 3620
1740022372404 0.9382 3630
1740022398531 0.9251 3640
1740022424743 0.9234 3650
1740022450911 0.9705 3660
1740022476963 0.9794 3670
1740022502916 0.8749 3680
1740022528864 0.8729 3690
1740022554880 0.8827 3700
1740022580666 1.0038 3710
1740022606628 0.9561 3720
1740022632615 0.9733 3730
1740022658781 0.9464 3740
1740022685072 0.8816 3750
1740022711145 0.8613 3760
1740022736905 0.8834 3770
1740022763031 0.9753 3780
1740022789114 0.8872 3790
1740022815159 0.9466 3800
1740022841151 0.9914 3810
1740022867314 0.9215 3820
1740022893306 0.9048 3830
1740022919517 0.9245 3840
1740022945604 0.9152 3850
1740022971610 0.9657 3860
1740022997618 0.9039 3870
1740023023740 0.8554 3880
1740023049772 0.9072 3890
1740023075867 0.8683 3900
1740023101739 0.9435 3910
1740023127847 0.9603 3920
1740023154108 0.8927 3930
1740023180227 0.8217 3940
1740023206430 0.9951 3950
1740023232514 0.8792 3960
1740023258544 0.9858 3970
1740023284548 0.8442 3980
1740023310505 0.97 3990
1740023336396 0.9658 4000
1740023362659 0.9156 4010
1740023388832 0.9871 4020
1740023414859 0.891 4030
1740023441223 0.9844 4040
1740023467323 0.9011 4050
1740023493318 0.9592 4060
1740023519414 0.8733 4070
1740023545544 0.8255 4080
1740023571510 1.0808 4090
1740023597684 0.9281 4100
1740023623834 0.9364 4110
1740023649913 0.8325 4120
1740023676003 0.8958 4130
1740023702189 0.9869 4140
1740023728242 0.9405 4150
1740023754128 0.9577 4160
1740023780038 0.8814 4170
1740023805853 1.0066 4180
1740023831521 0.959 4190
1740023857259 0.9778 4200
1740023881757 0.9311 4210
1740023905788 0.9099 4220
1740023930900 0.9357 4230
1740023953862 0.915 4240
1740023977099 0.8902 4250
1740024000100 0.8942 4260
1740024022820 0.9289 4270
1740024045667 0.9651 4280
1740024068483 0.9292 4290
1740024091548 0.9337 4300
1740024114547 1.0101 4310
1740024137477 0.9236 4320
1740024160374 0.937 4330
1740024183148 1.0055 4340
1740024206120 0.8082 4350
1740024229376 0.9893 4360
1740024252307 0.8783 4370
1740024275078 0.9513 4380
1740024297776 0.8721 4390
1740024320628 0.9259 4400
1740024343595 1.0379 4410
1740024366491 0.9266 4420
1740024389351 0.8787 4430
1740024412179 0.9697 4440
1740024434842 0.8969 4450
1740024457705 0.9787 4460
1740024480559 0.9879 4470
1740024503349 0.9074 4480
1740024525935 0.8549 4490
1740024549790 0.9291 4500
1740024576049 0.9633 4510
1740024601637 0.9737 4520
1740024627062 0.9296 4530
1740024652786 0.991 4540
1740024678208 0.9379 4550
1740024703668 0.9459 4560
1740024729433 0.9186 4570
1740024754779 0.9317 4580
1740024780340 0.9223 4590
1740024805946 0.8231 4600
1740024831458 0.9776 4610
1740024856958 0.9048 4620
1740024882520 0.8923 4630
1740024908896 0.9026 4640
1740024936266 0.893 4650
1740024963491 0.8735 4660
1740024991238 0.9104 4670
1740025019115 0.9491 4680
1740025047449 0.9085 4690
1740025075643 0.8776 4700
1740025103976 0.9751 4710
1740025132693 0.9293 4720
1740025160609 0.9249 4730
1740025189258 0.9373 4740
1740025217080 0.8371 4750
1740025244358 0.8451 4760
1740025272321 0.8596 4770
